time, temp
0.00124427, 56528
0.0118323, 56528
0.0224594, 56528
0.0329631, 56528
0.0433574, 56744
0.0544115, 56744
0.0650371, 56960
0.075398, 56960
0.0857902, 56960
0.0962996, 56960
0.106727, 57176
0.117107, 57176
0.127494, 57176
0.137865, 57176
0.148262, 57392
0.158628, 57392
0.168946, 57392
0.179256, 57608
0.189588, 57608
0.199891, 57824
0.210195, 58040
0.220454, 58256
0.230698, 58472
0.240945, 58904
0.251202, 59120
0.261469, 59336
0.271723, 59552
0.281967, 59768
0.292207, 59768
0.302432, 59768
0.312708, 59768
0.322974, 59768
0.333278, 59768
0.34356, 59768
0.353735, 59768
0.363912, 59552
0.374099, 59552
0.384286, 59552
0.394454, 59552
0.404625, 59552
0.414767, 59336
0.424978, 59552
0.435326, 59552
0.445592, 59984
0.455881, 60200
0.466015, 60416
0.476216, 60416
0.486485, 61496
0.496748, 62576
0.507092, 63224
0.517408, 63656
0.527647, 65168
0.539835, 67544
0.550127, 67328
0.560444, 68192
0.570708, 68624
0.580945, 69056
0.591193, 68840
0.601444, 69920
0.611769, 69056
0.622065, 69920
0.632287, 70352
0.642474, 70352
0.652749, 70568
0.663084, 71000
0.673658, 71648
0.684353, 71432
0.695101, 69488
0.705803, 69272
0.716557, 69056
0.727063, 69920
0.737598, 69920
0.748031, 69704
0.758573, 70136
0.768827, 71432
0.779004, 72512
0.789238, 71864
0.799546, 72296
0.80985, 72080
0.82005, 72296
0.830406, 72512
0.840654, 72512
0.850882, 71864
0.861082, 71648
0.871358, 72080
0.881654, 71216
0.891895, 72728
0.902126, 72944
0.912431, 72512
0.922664, 73160
0.93288, 73160
0.943041, 73376
0.953352, 72944
0.963629, 73808
0.973885, 74024
0.984078, 73160
0.994279, 74024
1.00451, 74024
1.01472, 74024
1.02498, 73376
1.03528, 73160
1.04554, 74024
1.0558, 73808
1.06604, 74456
1.07626, 75104
1.08645, 75536
1.09661, 76616
1.10685, 76400
1.11982, 77264
1.13048, 75536
1.14087, 76184
1.15116, 77696
1.16141, 77480
1.17172, 77048
1.18196, 77480
1.20203, 75752
1.21275, 75104
1.22301, 74888
1.23365, 74456
1.24406, 74240
1.25465, 74240
1.26519, 75104
1.2758, 75968
1.28598, 77696
1.29619, 78560
1.30641, 78344
1.31663, 78776
1.32687, 78776
1.33716, 78560
1.34746, 78776
1.35766, 79424
1.36781, 79424
1.37824, 78776
1.38854, 77912
1.39883, 77048
1.40917, 75968
1.41945, 75536
1.42978, 75320
1.44018, 74672
1.4505, 74888
1.4608, 75536
1.47109, 75968
1.48145, 75752
1.49176, 75536
1.50197, 76184
1.51227, 76400
1.52251, 76616
1.53275, 77696
1.54295, 78344
1.55312, 77912
1.5633, 78560
1.57352, 77264
1.58377, 75752
1.59394, 76832
1.60419, 77264
1.61441, 76400
1.62621, 76400
1.63671, 75752
1.64692, 75320
1.65717, 75104
1.66777, 74672
1.6781, 75320
1.68879, 74888
1.69946, 74240
1.70997, 74240
1.72014, 74240
1.73029, 74240
1.74044, 74240
1.75061, 74240
1.76077, 74456
1.77092, 76616
1.78114, 77264
1.79135, 76832
1.80162, 75752
1.8119, 76184
1.82215, 75968
1.83239, 76400
1.84254, 77048
1.85275, 77048
1.86294, 77696
1.87313, 76832
1.88337, 76616
1.89367, 77264
1.90388, 77912
1.91403, 77696
1.92426, 75968
1.93453, 75752
1.94479, 75968
1.95501, 76400
1.96517, 75968
1.9754, 75752
1.98561, 76400
1.99584, 75752
2.00607, 76184
2.01652, 75536
2.02679, 75536
2.03701, 75968
2.04722, 76400
2.05742, 76184
2.06766, 76400
2.07784, 76832
2.08805, 76832
2.09834, 76400
2.10863, 76832
2.1189, 77480
2.12916, 75752
2.13948, 75320
2.14975, 75536
2.16003, 76832
2.1703, 77264
2.18059, 76400
2.19087, 76832
2.20118, 77480
2.21146, 78128
2.22173, 78560
2.232, 78344
2.24228, 78344
2.25261, 78776
2.26294, 79640
2.27319, 80072
2.28348, 79640
2.29378, 80288
2.30401, 80720
2.31422, 80720
2.32445, 81368
2.33469, 81584
2.34493, 81584
2.3551, 82232
2.36532, 82448
2.37559, 82448
2.3859, 83312
2.39622, 84392
2.40646, 84824
2.4169, 83744
2.42719, 83744
2.43747, 83312
2.44781, 83096
2.45816, 82664
2.46843, 82448
2.47864, 82664
2.48886, 83744
2.49909, 83744
2.50933, 83744
2.51955, 84176
2.52978, 84824
2.54003, 83528
2.55026, 83312
2.56061, 82880
2.57084, 82664
2.58108, 82448
2.59132, 82664
2.60152, 83096
2.61174, 83096
2.62196, 83960
2.63215, 83960
2.64235, 85040
2.65269, 85256
2.6629, 84392
2.67315, 85688
2.68338, 85904
2.69354, 85040
2.70373, 85688
2.71392, 84608
2.72417, 85040
2.7345, 83528
2.74477, 80936
2.75513, 80288
2.76555, 79856
2.77583, 80504
2.78601, 82448
2.79618, 83096
2.80636, 82880
2.81652, 83312
2.82668, 83528
2.83685, 83312
2.84707, 83312
2.85749, 83528
2.86771, 83960
2.87802, 82448
2.88824, 82664
2.89846, 81800
2.90876, 80288
2.91894, 80720
2.92916, 80720
2.93942, 80720
2.94969, 79424
2.95996, 79640
2.97022, 80072
2.9804, 80072
2.99064, 79640
3.00123, 79424
3.01151, 78992
3.02191, 78992
3.03264, 80288
3.04319, 78560
3.05396, 78128
3.06454, 77696
3.07534, 77696
3.08573, 77480
3.096, 78992
3.10624, 79208
3.11651, 79208
3.12674, 79208
3.13697, 80072
3.14717, 80720
3.15736, 80936
3.16758, 80288
3.1778, 79856
3.18802, 80720
3.1982, 81152
3.20841, 80936
3.21862, 79424
3.22887, 79208
3.23909, 79856
3.2493, 79424
3.25954, 79640
3.26979, 79640
3.28001, 79640
3.29027, 79424
3.30057, 79208
3.31079, 80072
3.32109, 80720
3.33139, 78992
3.34169, 79640
3.35193, 79856
3.3622, 79424
3.3725, 79640
3.38276, 79640
3.39305, 79856
3.40324, 79856
3.41343, 80288
3.42371, 81152
3.43395, 80072
3.44433, 79208
3.45467, 79640
3.46496, 79856
3.47528, 79856
3.48604, 78992
3.50206, 78560
3.51245, 79640
3.52268, 80072
3.53303, 79424
3.54332, 79640
3.55363, 80504
3.56403, 80936
3.57427, 80936
3.58496, 79208
3.59541, 78992
3.60607, 78992
3.61674, 79208
3.62759, 78776
3.63842, 78560
3.64915, 78344
3.65993, 78776
3.67015, 79640
3.68032, 81584
3.69049, 82016
3.70072, 81800
3.711, 81584
3.72127, 81800
3.73151, 82664
3.74172, 81368
3.752, 81368
3.76226, 81152
3.77254, 80936
3.7828, 80936
3.79309, 80720
3.80337, 79856
3.81364, 80072
3.82387, 80720
3.83413, 81368
3.84438, 81152
3.85468, 80936
3.86502, 80504
3.87532, 80936
3.88561, 81152
3.89586, 81584
3.90617, 82016
3.91645, 82232
3.92663, 83312
3.93681, 83312
3.94699, 83744
3.95716, 83312
3.96736, 82880
3.9775, 83528
3.98766, 83744
3.99792, 83528
4.00849, 81368
4.01873, 80936
4.0289, 80720
4.03931, 79640
4.0496, 79856
4.06041, 79208
4.07091, 79640
4.08132, 80072
4.09185, 79208
4.10225, 80504
4.11258, 81584
4.12285, 82448
4.13315, 82880
4.14336, 83312
4.1536, 82880
4.16377, 83096
4.17392, 83528
4.18418, 83744
4.19447, 82664
4.20475, 82664
4.215, 81800
4.22529, 80288
4.23552, 80720
4.24572, 80720
4.25599, 80072
4.26625, 80720
4.27653, 80504
4.28675, 80720
4.29695, 80288
4.30723, 80504
4.31752, 81152
4.32774, 80288
4.33802, 79856
4.34831, 79856
4.35855, 79640
4.36878, 80288
4.37902, 80504
4.38921, 80720
4.39946, 81152
4.4097, 80504
4.41996, 80072
4.43018, 81152
4.44048, 81584
4.45073, 80288
4.46099, 79856
4.47122, 79640
4.48141, 80072
4.49165, 80072
4.50216, 78776
4.51253, 78776
4.52292, 79208
4.53316, 79208
4.54343, 79208
4.55368, 80072
4.56403, 79856
4.57432, 80504
4.58465, 81152
4.59493, 81368
4.60514, 81584
4.61544, 81800
4.62575, 81800
4.63601, 81584
4.6462, 83528
4.65645, 84608
4.6667, 85040
4.67706, 83744
4.68745, 83960
4.69766, 85040
4.70792, 85256
4.71814, 85040
4.72838, 84824
4.73867, 85256
4.74886, 85472
4.75906, 85472
4.76927, 86768
4.77949, 85688
4.7897, 84608
4.79991, 83960
4.81009, 86120
4.8203, 86984
4.83049, 87200
4.84068, 88496
4.85098, 84176
4.86124, 82880
4.87151, 83096
4.88178, 84608
4.89207, 83096
4.90241, 80936
4.91269, 80504
4.92292, 80288
4.93324, 80072
4.94344, 79856
4.95365, 80072
4.96384, 79856
4.97405, 79640
4.98427, 79856
4.99454, 80072
5.00478, 79640
5.01503, 79856
5.02528, 80504
5.03548, 81584
5.0457, 81152
5.05589, 80288
5.06606, 79856
5.07627, 79424
5.08651, 79208
5.09667, 79208
5.10686, 78992
5.11709, 79424
5.12735, 79856
5.13755, 80288
5.14772, 78992
5.15791, 78560
5.16814, 78128
5.17833, 78128
5.18854, 77912
5.19875, 77696
5.20894, 77480
5.21917, 78344
5.22936, 77696
5.23955, 77480
5.24974, 77480
5.26002, 78128
5.27029, 78560
5.28048, 77912
5.29065, 77696
5.30087, 77696
5.31116, 78344
5.32147, 78128
5.33175, 77696
5.34197, 77696
5.35218, 77696
5.3627, 78344
5.37301, 80072
5.38371, 80504
5.39405, 80720
5.40454, 80720
5.41513, 80936
5.4256, 81152
5.4363, 79856
5.44656, 78992
5.45683, 78776
5.46699, 78344
5.47721, 78128
5.48742, 78344
5.49762, 78344
5.50776, 78344
5.51792, 78344
5.52813, 78128
5.53837, 78128
5.54854, 78344
5.55871, 78344
5.56888, 78344
5.57912, 77912
5.58938, 77696
5.59976, 77480
5.61002, 77264
5.62023, 77696
5.63041, 77480
5.64071, 77480
5.6509, 77696
5.66116, 77696
5.67148, 77696
5.68172, 77696
5.69189, 77696
5.70211, 77912
5.7123, 77912
5.72254, 77696
5.73277, 77264
5.74294, 77264
5.75315, 77048
5.76336, 77048
5.77361, 77048
5.78382, 77048
5.79403, 77048
5.80427, 77048
5.81449, 76832
5.82472, 77048
5.83495, 76832
5.84528, 76616
5.85558, 77696
5.86582, 78776
5.87605, 78992
5.88633, 79424
5.89655, 79856
5.90681, 80288
5.91703, 80288
5.92731, 79640
5.93797, 80504
5.9486, 80936
5.95888, 80072
5.96957, 80936
5.9803, 80936
5.99096, 80936
6.00151, 81152
6.01212, 81368
6.02269, 81368
6.03314, 81584
6.04333, 81584
6.05353, 81800
6.06373, 81584
6.07397, 81368
6.08428, 81368
6.09455, 81152
6.10482, 81152
6.11518, 80936
6.12553, 80936
6.13585, 80720
6.14613, 80720
6.15643, 80720
6.16668, 80720
6.17692, 80504
6.18717, 80504
6.19743, 80504
6.20768, 80720
6.21794, 80720
6.22825, 80720
6.23852, 80720
6.24879, 80720
6.25907, 80504
6.26942, 80504
6.27977, 80720
6.2901, 80504
6.30035, 80504
6.3107, 80288
6.32103, 80288
6.3313, 80288
6.34157, 80072
6.35185, 79856
6.36219, 79856
6.37251, 79856
6.38289, 79856
6.39329, 79856
6.40425, 80288
6.41445, 79208
6.42474, 78560
6.4355, 79640
6.44616, 80072
6.45704, 80288
6.46793, 80504
6.47871, 80504
6.48949, 80288
6.49971, 78560
6.50991, 78128
6.52015, 77696
6.53038, 77480
6.54058, 76832
6.55081, 76832
6.56107, 76616
6.57126, 76400
6.58154, 76616
6.59178, 76616
6.60205, 76616
6.61221, 76616
6.62241, 76832
6.63262, 76832
6.64284, 76832
6.65312, 76832
6.66337, 76832
6.67366, 76832
6.68403, 76616
6.69422, 77048
6.70452, 77696
6.71471, 76616
6.72481, 76184
6.73504, 75752
6.74519, 75320
6.75535, 74888
6.7655, 74672
6.77568, 74888
6.78583, 74456
6.79597, 74456
6.80624, 75104
6.81658, 74240
6.82678, 74240
6.83694, 74024
6.84714, 73808
6.85729, 73808
6.86782, 75104
6.87832, 76400
6.88866, 76616
6.89889, 78128
6.90911, 75752
6.91946, 77480
6.9301, 80288
6.94078, 81800
6.95125, 78560
6.96161, 77480
6.97192, 76832
6.9823, 76616
6.99256, 76184
7.00295, 75752
7.01322, 76616
7.02371, 77696
7.03423, 78128
7.04535, 79208
7.05736, 78776
7.06771, 78992
7.07807, 79208
7.08841, 80288
7.09872, 80504
7.10904, 80288
7.11948, 80072
7.13066, 78560
7.14176, 78992
7.15281, 79640
7.16328, 78560
7.17412, 77912
7.18488, 77264
7.19635, 77912
7.20732, 76616
7.2184, 76400
7.22922, 76616
7.23976, 76832
7.25029, 76184
7.26068, 77264
7.27112, 76616
7.28145, 76832
7.2919, 77048
7.30223, 77048
7.31306, 77048
7.32502, 75968
7.33668, 76400
7.34794, 77480
7.35879, 77696
7.37085, 77048
7.38213, 77048
7.3931, 76832
7.40414, 76616
7.41532, 75968
7.42665, 75536
7.43735, 74888
7.44764, 75104
7.45793, 75104
7.46871, 75104
7.47961, 76400
7.49069, 76184
7.50182, 75320
7.51308, 74888
7.52373, 74672
7.53436, 76616
7.54496, 76616
7.55601, 76616
7.56708, 78128
7.57829, 78776
7.58894, 77480
7.6001, 75968
7.61095, 76400
7.62128, 75536
7.63173, 74888
7.64228, 76184
7.65309, 76184
7.66381, 75968
7.67452, 75752
7.68527, 75968
7.69604, 75752
7.70679, 75536
7.71755, 75536
7.72827, 75536
7.73856, 75320
7.7489, 74888
7.75921, 74456
7.76945, 74672
7.77966, 74672
7.78983, 74672
7.79997, 74456
7.81009, 74456
7.82024, 74456
7.8304, 74456
7.84072, 74456
7.85106, 74456
7.86152, 74456
7.87198, 74456
7.88238, 74456
7.89281, 74456
7.90314, 74456
7.91359, 74456
7.92405, 75320
7.93486, 76616
7.94554, 77264
7.95635, 77264
7.96724, 75536
7.97799, 75536
7.98883, 75320
7.99963, 75536
8.01028, 75536
8.02082, 74672
8.03154, 74672
8.04209, 75104
8.05268, 75104
8.0631, 74888
8.07398, 75752
8.08461, 75968
8.09531, 76400
8.10589, 76400
8.11647, 76184
8.12736, 75752
8.13805, 75320
8.14848, 74456
8.15878, 74024
8.16905, 73808
8.17933, 74456
8.18978, 75536
8.20007, 75968
8.21033, 75968
8.22061, 76184
8.2311, 76400
8.24155, 76400
8.25196, 76616
8.26236, 77048
8.2727, 77264
8.28299, 76832
8.29336, 76616
8.30368, 76616
8.31405, 76616
8.32439, 76832
8.33476, 76832
8.34514, 76616
8.35554, 76400
8.36589, 76184
8.37639, 76616
8.38688, 76832
8.39757, 77048
8.40798, 77048
8.4184, 77696
8.42884, 77912
8.43927, 78344
8.44962, 78560
8.4602, 78128
8.47107, 78344
8.48135, 78560
8.49184, 78344
8.50244, 78776
8.51281, 78992
8.52356, 78992
8.53421, 78992
8.54492, 79208
8.55566, 79856
8.56657, 80072
8.57736, 79856
8.5879, 78992
8.59829, 76832
8.60861, 76832
8.61904, 77264
8.62939, 77480
8.63973, 78344
8.6503, 78344
8.66076, 78128
8.67116, 77912
8.68161, 77480
8.69204, 77912
8.70286, 77480
8.71487, 77048
8.72648, 76832
8.73882, 76616
8.75063, 75968
8.76199, 75968
8.77363, 75752
8.78533, 75752
8.79669, 75752
8.80754, 75968
8.81854, 75752
8.82895, 75752
8.83929, 76184
8.8497, 76184
8.86031, 76616
8.87151, 76184
8.88364, 76184
8.8948, 75968
8.90683, 75968
8.91898, 75752
8.92988, 75752
8.94111, 77480
8.95219, 78344
8.96308, 77912
8.97359, 77696
8.9842, 76616
8.99478, 76400
9.0051, 78992
9.0158, 80504
9.02656, 79640
9.03754, 78560
9.04837, 78128
9.05935, 77480
9.07075, 77264
9.0815, 77480
9.09314, 77480
9.10426, 77480
9.1151, 77264
9.12568, 77264
9.13679, 77048
9.1472, 77264
9.15746, 77480
9.16773, 77480
9.17803, 77480
9.1883, 77696
9.19858, 77696
9.20879, 77696
9.21902, 77696
9.22932, 77696
9.23962, 77480
9.24992, 76616
9.2603, 76400
9.27061, 77048
9.28089, 77480
9.29119, 77480
9.30161, 77912
9.31189, 79208
9.32216, 79208
9.3323, 77912
9.34243, 76616
9.35261, 76400
9.36298, 77048
9.37337, 77264
9.38396, 76400
9.3947, 75968
9.40513, 75968
9.41564, 75968
9.42615, 75752
9.43669, 75968
9.44717, 76184
9.45769, 75968
9.46807, 76184
9.4786, 77264
9.48895, 77912
9.49941, 78128
9.50982, 78560
9.52029, 79208
9.53067, 80288
9.54109, 81152
9.5516, 80936
9.56203, 80072
9.57252, 80072
9.58292, 79856
9.60603, 80720
9.61636, 80504
9.62663, 80072
9.63692, 80072
9.64726, 80072
9.65757, 79856
9.6678, 78776
9.67804, 79640
9.68838, 80072
9.69873, 79640
9.70899, 79640
9.71927, 79208
9.72969, 79856
9.74026, 78992
9.75073, 80072
9.76117, 79208
9.77159, 79208
9.78207, 77912
9.79268, 76832
9.80305, 77480
9.81343, 76832
9.82424, 75968
9.83486, 75104
9.84525, 75104
9.85631, 75320
9.86679, 75104
9.87713, 74672
9.88764, 74456
9.89806, 74240
9.90854, 74024
9.91932, 74672
9.92968, 75320
9.94051, 75536
9.95126, 75536
9.96212, 75536
9.97283, 75104
9.98325, 75104
9.99365, 75104
10.0042, 75104
10.0148, 74888
10.0251, 74456
10.0355, 74240
10.0469, 74240
10.0598, 73592
10.0715, 74240
10.0842, 75536
10.0991, 75752
10.1131, 75752
10.1269, 75968
10.1399, 75968
10.1517, 75968
10.1642, 75968
10.1797, 75968
10.1926, 76184
10.2047, 76184
10.217, 76184
10.2297, 76400
10.243, 76184
10.2549, 75968
10.2655, 76184
10.276, 76400
10.2865, 76832
10.2971, 76832
10.308, 77264
10.3201, 77480
10.3317, 77048
10.3431, 77048
10.3547, 77048
10.3659, 76832
10.3777, 76832
10.3891, 76832
10.4007, 76832
10.4117, 76832
10.4229, 76832
10.4346, 76832
10.4456, 77048
10.4569, 77048
10.4682, 76832
10.4794, 76832
10.4902, 77048
10.5007, 77912
10.5111, 76832
10.5218, 76616
10.5326, 76400
10.5431, 76400
10.5537, 76616
10.5646, 76832
10.5753, 75752
10.5864, 75536
10.5978, 75536
10.6091, 75968
10.6205, 76832
10.6316, 76832
10.6426, 77048
10.6535, 77264
10.6646, 77264
10.6759, 77480
10.6881, 77264
10.7004, 76400
10.7132, 75752
10.7258, 75752
10.7386, 75320
10.7496, 75320
10.76, 75320
10.7706, 75320
10.7815, 75968
10.7921, 75968
10.8026, 75968
10.813, 75752
10.8233, 75536
10.8334, 75104
10.8436, 74888
10.8537, 74888
10.8638, 74672
10.874, 74672
10.8841, 74456
10.8942, 74456
10.9043, 74240
10.9145, 74024
10.9246, 74024
10.9347, 74024
10.9449, 73808
10.955, 73808
10.9652, 73808
10.9753, 73808
10.9855, 73808
10.9957, 73808
11.0058, 73808
11.0159, 74024
11.0261, 74024
11.0362, 74024
11.0464, 73808
11.066, 75752
11.0765, 76832
11.087, 76400
11.098, 76184
11.1088, 76184
11.1203, 75752
11.131, 75752
11.1418, 75536
11.1525, 75536
11.1633, 75536
11.1822, 75320
11.1938, 75320
11.204, 75536
11.2143, 75320
11.2245, 75104
11.2347, 74672
11.2448, 75104
11.255, 74456
11.2651, 74240
11.2753, 73808
11.2855, 73592
11.2957, 73592
11.3059, 74456
11.3162, 74672
11.3265, 74456
11.3366, 74456
11.3468, 74672
11.3571, 74888
11.3674, 75320
11.3776, 75536
11.3878, 75968
11.398, 76400
11.4083, 76400
11.4184, 76400
11.4287, 75968
11.4391, 75752
11.4493, 75536
11.4596, 75536
11.4699, 75536
11.4803, 75968
11.4906, 78128
11.5008, 76832
11.5109, 76400
11.5211, 75968
11.5312, 75536
11.5415, 75320
11.5517, 75104
11.5664, 75104
11.577, 77264
11.5873, 77912
11.5977, 78560
11.6083, 77480
11.6189, 82880
11.6292, 84176
11.6399, 85040
11.6503, 85256
11.6606, 86120
11.671, 84608
11.6815, 83744
11.692, 83312
11.7028, 82880
11.7132, 83096
11.7235, 83312
11.7339, 82880
11.7444, 83312
11.7547, 82880
11.7651, 82880
11.7754, 82880
11.7857, 82880
11.7964, 82016
11.807, 79856
11.8175, 79208
11.828, 79208
11.8385, 79424
11.8493, 78992
11.8603, 79208
11.8711, 79208
11.8819, 80072
11.8931, 78992
11.9036, 78128
11.9145, 77696
11.9249, 77696
11.9352, 77264
11.9455, 76616
11.9557, 76616
11.9659, 77264
11.9762, 77264
11.9864, 76832
11.9968, 76400
12.0073, 75968
12.0177, 75536
12.028, 75104
12.0384, 75104
12.0487, 74888
12.0591, 74888
12.0697, 75104
12.0805, 75536
12.091, 74672
12.1016, 74240
12.112, 74240
12.1226, 75104
12.1329, 74456
12.1431, 74024
12.1534, 74456
12.1639, 74672
12.1746, 73808
12.1854, 74024
12.1963, 74240
12.207, 74456
12.2178, 74024
12.2294, 73592
12.2402, 73592
12.2514, 73376
12.2623, 73808
12.2735, 74456
12.2842, 73592
12.2951, 73808
12.3085, 74240
12.3192, 74240
12.3296, 74456
12.3417, 74888
12.3528, 76184
12.364, 76400
12.375, 76184
12.3853, 75968
12.3956, 75320
12.4058, 75536
12.416, 75320
12.4262, 75320
12.4364, 75320
12.4466, 74672
12.4568, 74456
12.467, 74456
12.4772, 74456
12.4874, 74456
12.4976, 74456
12.5078, 74456
12.5181, 74240
12.5283, 74024
12.5385, 74024
12.5487, 74456
12.559, 74456
12.5692, 74456
12.5794, 74456
12.606, 75968
12.6165, 77696
12.6272, 77264
12.6376, 75968
12.648, 76184
12.6588, 76184
12.6694, 76184
12.6798, 76184
12.6902, 75752
12.7005, 75104
12.7111, 75536
12.7218, 75752
12.7323, 75104
12.7438, 75752
12.7551, 75968
12.7664, 75968
12.7769, 75968
12.7875, 75968
12.7982, 75968
12.809, 75968
12.8195, 75752
12.8296, 75752
12.8398, 74456
12.85, 74456
12.8603, 74672
12.8705, 74672
12.8807, 74672
12.8908, 74888
12.901, 74888
12.9112, 74888
12.9214, 74888
12.9316, 74888
12.9417, 74888
12.9519, 74888
12.9621, 74672
12.9723, 74456
12.9824, 74456
12.9926, 74240
13.0028, 74240
13.013, 74240
13.0231, 74024
13.0333, 74240
13.0436, 76400
13.0539, 76832
13.0642, 75968
13.0744, 75752
13.0847, 75752
13.0949, 75320
13.1054, 75320
13.1158, 75968
13.1264, 77696
13.1369, 77480
13.1472, 77480
13.1579, 77696
13.1683, 77480
13.1794, 78992
13.1908, 79424
13.2016, 79856
13.2127, 80288
13.2237, 81152
13.2344, 81584
13.2446, 81800
13.2548, 81584
13.265, 79208
13.2752, 78776
13.2854, 78128
13.2955, 77912
13.3057, 77696
13.3159, 77480
13.3261, 77264
13.3362, 77264
13.3464, 77264
13.3566, 77048
13.3669, 76616
13.3771, 76184
13.3872, 75968
13.3974, 75968
13.4075, 75752
13.4177, 75752
13.4278, 75104
13.438, 75320
13.4482, 75320
13.4584, 75320
13.4686, 75104
13.4788, 75104
13.489, 74888
13.4991, 74672
13.5093, 74672
13.5194, 74672
13.5296, 74456
13.5399, 74240
13.55, 74024
13.5602, 74024
13.5704, 74024
13.5806, 73808
13.5908, 73592
13.601, 74024
13.6113, 74024
13.6216, 75320
13.6319, 77048
13.6424, 78344
13.6528, 76616
13.6632, 75536
13.6736, 75536
13.6839, 78128
13.6944, 80504
13.7048, 80936
13.7154, 80936
13.7262, 79208
13.7366, 79208
13.7468, 78344
13.7572, 78128
13.7675, 78344
13.7779, 78128
13.7883, 77696
13.7986, 77264
13.809, 77048
13.8195, 77696
13.8298, 78128
13.8404, 78560
13.8508, 78128
13.8614, 77696
13.8717, 77480
13.8821, 77264
13.8927, 76832
13.9034, 76832
13.9146, 76616
13.9255, 76616
13.9362, 76400
13.9471, 76616
13.9585, 76400
13.9692, 76400
13.9804, 75968
13.9914, 75536
14.0021, 75320
14.0132, 75536
14.024, 75536
14.0344, 75536
14.0448, 75968
14.0553, 77480
14.0658, 79208
14.0766, 77264
14.0873, 76400
14.098, 75752
14.1089, 74888
14.1197, 75752
14.1304, 75752
14.1409, 76184
14.1513, 75536
14.162, 75320
14.1731, 75104
14.1837, 75104
14.1945, 75104
14.2052, 75320
14.2158, 75104
14.2262, 75320
14.2369, 75320
14.2478, 75536
14.2583, 75752
14.2687, 75752
14.279, 76616
14.2895, 76616
14.2999, 76616
14.3103, 76400
14.3206, 75968
14.3308, 75968
14.3411, 75752
14.3514, 75752
14.3616, 75320
14.3719, 75104
14.3822, 75320
14.3925, 75752
14.4028, 77264
14.4131, 78344
14.4234, 78776
14.4343, 77048
14.4445, 75752
14.4547, 75104
14.4649, 74456
14.4751, 74456
14.4852, 74456
14.4954, 74456
14.5056, 74456
14.5159, 74456
14.5263, 75968
14.5366, 76832
14.5468, 75752
14.557, 75104
14.5671, 74672
14.5773, 74888
14.5875, 75104
14.5977, 75320
14.6078, 75320
14.6181, 75536
14.6286, 77264
14.6389, 76184
14.6492, 75968
14.6594, 75752
14.6696, 76184
14.6799, 78128
14.6901, 77048
14.7004, 76832
14.7108, 76616
14.7211, 77912
14.7313, 78560
14.7416, 77912
14.7531, 77696
14.7635, 77912
14.7739, 77696
14.7844, 77912
14.7951, 77480
14.8059, 77264
14.8168, 77048
14.8275, 76832
14.8381, 76616
14.8486, 76184
14.859, 75968
14.8693, 78776
14.8796, 79640
14.8898, 79856
14.9001, 80288
14.9104, 80072
14.9207, 79856
14.9309, 80072
14.9412, 78992
14.9514, 77912
14.9616, 77480
14.9718, 76832
14.9819, 76616
14.9921, 76400
15.0022, 76400
15.0125, 76184
15.0227, 76184
15.0329, 75968
15.0431, 75752
15.0532, 75752
15.0633, 75752
15.0735, 75536
15.0836, 75536
15.0938, 75752
15.104, 75752
15.1141, 75536
15.1243, 75536
15.1345, 75320
15.1446, 75536
15.1547, 75320
15.1649, 75104
15.1753, 75752
15.1856, 75104
15.1957, 75104
15.2059, 75104
15.2181, 75104
15.2285, 77048
15.2389, 77912
15.2495, 77264
15.2605, 76400
15.2713, 76184
15.2831, 75968
15.2984, 75968
15.3091, 75752
15.3196, 75752
15.3302, 75536
15.3409, 74888
15.3532, 75104
15.3695, 75320
15.3814, 76184
15.3935, 76400
15.4043, 75536
15.4178, 75536
15.4301, 75536
15.4421, 75536
15.4702, 75752
15.4816, 75968
15.4926, 75968
15.5035, 75752
15.514, 75752
15.5243, 75320
15.5346, 74888
15.5448, 74240
15.5551, 74024
15.5653, 73808
15.5756, 74672
15.5865, 75104
15.5969, 75104
15.6071, 75104
15.6173, 75104
15.6275, 75104
15.6378, 75104
15.648, 75320
15.6582, 75104
15.6684, 75104
15.6787, 75104
15.6889, 75104
15.6993, 75104
15.7095, 75320
15.7199, 75320
15.7301, 75320
15.7403, 75320
15.7504, 75320
15.7606, 75320
15.7708, 75104
15.7812, 75320
15.7917, 75320
15.802, 75536
15.8123, 75536
15.8226, 75536
15.8329, 75536
15.8431, 75320
15.8534, 75320
15.8636, 75320
15.8738, 75320
15.8843, 75320
15.8946, 75320
15.9049, 75320
15.9151, 75320
15.9256, 75320
15.9369, 77696
15.9476, 77264
15.9585, 76616
15.9692, 76616
15.9797, 75536
15.9913, 75752
16.002, 75968
16.0125, 75968
16.0234, 75968
16.0343, 75968
16.0451, 76184
16.0568, 76400
16.0673, 75968
16.0776, 74888
16.0878, 74672
16.098, 74672
16.1082, 74672
16.1184, 75104
16.1285, 75104
16.1386, 75320
16.1488, 75536
16.1589, 75968
16.1691, 75968
16.1793, 75968
16.1894, 75968
16.1996, 76184
16.2097, 76184
16.2199, 76184
16.23, 76400
16.2402, 76400
16.2503, 76616
16.2605, 76616
16.2707, 76616
16.2809, 76400
16.291, 76400
16.3012, 76400
16.3114, 76616
16.3216, 76184
16.3318, 76184
16.342, 76184
16.3522, 75968
16.3623, 76184
16.3726, 76184
16.3827, 76184
16.3929, 76184
16.4031, 76184
16.4132, 76184
16.4234, 75968
16.4336, 76400
16.4439, 78128
16.4542, 78992
16.4644, 79208
16.4747, 77696
16.485, 77264
16.4954, 77480
16.5057, 78344
16.516, 78992
16.5264, 78776
16.5367, 81368
16.5471, 81368
16.5575, 81800
16.5678, 83960
16.578, 85904
16.5883, 87416
16.5986, 86984
16.6089, 86552
16.6192, 85256
16.6295, 85688
16.6398, 86336
16.6501, 86552
16.6604, 85904
16.6708, 85904
16.6812, 86120
16.6916, 85040
16.7022, 84392
16.7124, 83528
16.7226, 82448
16.733, 82664
16.7432, 82880
16.7535, 82232
16.7638, 81368
16.774, 80720
16.7842, 80072
16.7944, 79640
16.8046, 79208
16.8148, 78344
16.825, 78344
16.8352, 78128
16.8455, 77912
16.8558, 77912
16.866, 77264
16.8764, 77264
16.8867, 77048
16.897, 77048
16.9073, 76616
16.9177, 77696
16.928, 76616
16.9384, 76184
16.9486, 75968
16.959, 76184
16.9693, 76832
16.9797, 76400
16.99, 76184
17.0006, 75752
17.0111, 76616
17.023, 75536
17.0337, 76184
17.0448, 75968
17.0553, 75320
17.0657, 76832
17.0762, 77264
17.0865, 76400
17.0971, 76616
17.1079, 77264
17.1195, 77048
17.13, 77048
17.1415, 76616
17.1526, 77264
17.1663, 78776
17.1774, 78560
17.188, 77696
17.1993, 76832
17.2105, 76400
17.2216, 75968
17.2333, 75752
17.2449, 75752
17.2559, 75536
17.2666, 75536
17.2781, 75536
17.2884, 75752
17.2988, 77048
17.3093, 75968
17.3196, 75104
17.3298, 74888
17.3403, 74888
17.3506, 75752
17.361, 77696
17.3713, 77696
17.3816, 77264
17.3919, 76832
17.4023, 76616
17.4126, 77048
17.423, 77264
17.4335, 77480
17.4437, 77480
17.4596, 78560
17.4702, 78560
17.4808, 77912
17.4915, 77048
17.5022, 76832
17.5132, 76616
17.5243, 75752
17.5399, 75536
17.5507, 75536
17.563, 75752
17.5744, 75536
17.586, 75104
17.5993, 75752
17.6114, 76400
17.6241, 76616
17.6345, 75968
17.6455, 75752
17.6566, 75968
17.6711, 75968
17.6823, 76184
17.6929, 75968
17.7037, 76184
17.7144, 76184
17.7246, 76400
17.7348, 76184
17.7451, 76616
17.7553, 76616
17.7656, 76400
17.7757, 76184
17.7859, 76184
17.7961, 76400
17.8063, 76400
17.8164, 76400
17.8266, 76400
17.8367, 76400
17.8469, 76400
17.8571, 76400
17.8672, 76184
17.8774, 76184
17.8875, 76184
17.8977, 76184
17.9079, 75968
17.918, 75968
17.9282, 75968
17.9384, 75752
17.9486, 75752
17.9588, 75536
17.9689, 75536
17.9791, 75536
17.9893, 75536
17.9994, 75320
18.0096, 75320
18.0198, 75104
18.0302, 76184
18.0406, 77264
18.051, 77480
18.0617, 77480
18.0724, 77480
18.0827, 77696
18.0935, 77264
18.1045, 76832
18.1149, 76616
18.1252, 75968
18.1354, 75752
18.1456, 75536
18.1558, 75320
18.1659, 74888
18.1761, 74888
18.1864, 76184
18.1966, 79208
18.2067, 81584
18.217, 79856
18.2273, 77264
18.2376, 76616
18.2478, 76184
18.2581, 76400
18.2683, 78128
18.2786, 78560
18.2888, 78992
18.299, 77696
18.3092, 76616
18.3194, 76184
18.3296, 76184
18.3398, 75968
18.3499, 75968
18.3601, 75968
18.3702, 75968
18.3804, 76184
18.3905, 76184
18.4007, 75968
18.4109, 75968
18.421, 75968
18.4312, 75968
18.4413, 75968
18.4515, 75752
18.4617, 75968
18.4718, 75968
18.4819, 75752
18.4921, 75968
18.5022, 75752
18.5125, 75752
18.5261, 75752
18.5365, 76832
18.547, 78344
18.5573, 79208
18.5676, 77696
18.5781, 77048
18.5889, 78344
18.5993, 83744
18.6097, 84392
18.6204, 84392
18.6308, 85040
18.6412, 84824
18.6518, 84176
18.6624, 83960
18.6729, 83744
18.6833, 82880
18.694, 82664
18.7046, 82232
18.7149, 82448
18.7251, 82664
18.7354, 82664
18.7477, 82664
18.758, 82880
18.7684, 82880
18.7789, 80288
18.8021, 78992
18.8138, 79208
18.8278, 79424
18.8384, 79640
18.849, 80072
18.8602, 80504
18.8718, 80504
18.8821, 80288
18.8926, 79856
18.9034, 79856
18.914, 78344
18.9244, 77912
18.9347, 77264
18.945, 77048
18.9552, 77264
18.9655, 77696
18.9757, 78128
18.9859, 77696
18.9966, 78560
19.007, 78344
19.0173, 76832
19.0276, 76616
19.038, 77480
19.0483, 77264
19.0587, 77264
19.0691, 77264
19.0795, 77480
19.09, 77696
19.1005, 77480
19.1111, 77264
19.1215, 77264
19.1317, 77696
19.1419, 79424
19.1522, 78128
19.1625, 77480
19.1731, 76616
19.1835, 76184
19.1956, 76400
19.2065, 77480
19.2174, 78992
19.2281, 78776
19.2387, 78128
19.2493, 77912
19.2597, 77264
19.2706, 77048
19.2817, 76832
19.2926, 76400
19.3032, 76400
19.314, 77264
19.3244, 76400
19.3349, 76616
19.3456, 77480
19.3566, 78128
19.368, 78344
19.3787, 78128
19.3893, 77480
19.3999, 77048
19.4105, 76832
19.4257, 77048
19.436, 77480
19.4462, 77264
19.4564, 77048
19.4666, 76832
19.4768, 76616
19.487, 75968
19.4972, 76184
19.5074, 75968
19.5177, 76184
19.5279, 76400
19.5381, 76832
19.5483, 76832
19.5584, 76832
19.5686, 77048
19.5788, 77048
19.5891, 76832
19.5995, 76616
19.6098, 76616
19.62, 76832
19.6303, 78344
19.6405, 78128
19.6509, 77696
19.6612, 77048
19.6714, 77048
19.6815, 76832
19.6916, 76832
19.7018, 76616
19.7119, 75968
19.722, 75752
19.7322, 75752
19.7425, 76400
19.753, 76616
19.7635, 76832
19.7738, 76832
19.784, 76832
19.7941, 76616
19.8043, 76832
19.8144, 77048
19.8246, 77048
19.8347, 76616
19.8449, 75968
19.8551, 75752
19.8654, 75752
19.8757, 75968
19.8861, 76184
19.8963, 75752
19.9065, 75536
19.9167, 75536
19.927, 75752
19.9373, 75968
19.9475, 76616
19.9579, 76832
19.9682, 77696
19.9785, 77696
19.9888, 77912
19.9991, 77480
20.0093, 76832
20.0195, 75968
20.0297, 75752
20.0399, 75536
20.0501, 75752
20.0603, 75752
20.0705, 75968
20.0806, 75968
20.0908, 75968
20.101, 75968
20.1111, 75968
20.1214, 75968
20.1316, 75968
20.1418, 75752
20.166, 77264
20.1765, 78344
20.1879, 78992
20.199, 79640
20.2095, 79856
20.2211, 79640
20.2319, 78992
20.2432, 78776
20.2538, 78344
20.266, 78128
20.2767, 77912
20.287, 76832
20.2972, 75968
20.3074, 75752
20.3177, 75536
20.328, 75320
20.3382, 75104
20.3483, 75752
20.3586, 75752
20.3688, 75752
20.379, 75536
20.3892, 75536
20.3994, 75536
20.4096, 75536
20.4199, 75752
20.4302, 75536
20.4405, 75536
20.4508, 75320
20.4611, 75104
20.4713, 75104
20.4816, 75104
20.4918, 75104
20.5021, 74888
20.5123, 74888
20.5226, 74888
20.5328, 74888
20.543, 74888
20.5531, 75104
20.5634, 75104
20.5736, 75320
20.5838, 75320
20.5941, 75536
20.6044, 75536
20.6148, 75536
20.6251, 75536
20.6356, 76400
20.6459, 76832
20.6562, 77264
20.6665, 77696
20.6772, 78128
20.6879, 77912
20.6987, 78128
20.709, 77048
20.7194, 76616
20.7302, 77264
20.7404, 80072
20.7506, 80072
20.7611, 79424
20.7719, 78344
20.783, 77480
20.7939, 77696
20.8054, 77264
20.8159, 77696
20.8266, 77912
20.8374, 78128
20.848, 78128
20.859, 77912
20.8697, 76832
20.8803, 76400
20.8905, 76616
20.9008, 77480
20.9111, 77480
20.9214, 77264
20.9317, 77696
20.942, 77912
20.9523, 77912
20.9626, 78344
20.973, 78344
20.9833, 78560
20.9937, 78344
21.0041, 78344
21.0144, 78344
21.0247, 78128
21.035, 77912
21.0452, 77912
21.0554, 77696
21.0656, 76616
21.0758, 77264
21.086, 77480
21.0962, 78344
21.1065, 78992
21.1167, 77912
21.127, 77264
21.1372, 76832
21.1475, 76400
21.1578, 77048
21.1681, 78128
21.1784, 78128
21.1887, 77696
21.199, 78560
21.2092, 78776
21.2195, 79640
21.2298, 80288
21.24, 79208
21.2503, 79208
21.2605, 79208
21.2707, 78128
21.281, 77480
21.2912, 77480
21.3015, 78992
21.3118, 79856
21.322, 79640
21.3321, 79424
21.3423, 79424
21.3524, 79208
21.3626, 79208
21.3728, 78992
21.383, 78992
21.3933, 79424
21.4036, 78128
21.4138, 77048
21.4242, 76616
21.4351, 76616
21.4457, 77048
21.4561, 77480
21.4662, 76832
21.4765, 76400
21.4867, 75968
21.4969, 75752
21.5071, 75320
21.5173, 75752
21.5275, 75968
21.5377, 76184
21.548, 76184
21.5586, 77480
21.5689, 77048
21.5792, 76400
21.5894, 76184
21.5998, 76184
21.6102, 76616
21.6205, 76400
21.6309, 76400
21.6419, 77696
21.6535, 78776
21.6653, 78776
21.6767, 77480
21.6884, 76832
21.7, 76400
21.7111, 76400
21.7286, 76184
21.7405, 76184
21.7521, 75968
21.7626, 75968
21.7733, 75968
21.7836, 75752
21.7939, 75536
21.8043, 75752
21.8146, 78128
21.8249, 79640
21.8358, 78992
21.8461, 78128
21.8567, 77912
21.8675, 77048
21.8785, 76616
21.8892, 76184
21.8996, 76184
21.9115, 76832
21.9246, 77048
21.9359, 76832
21.9467, 77048
21.9578, 76400
21.9713, 77048
21.9832, 77264
21.9948, 77264
22.0052, 76616
22.0163, 76184
22.0277, 76184
22.0386, 77048
22.0492, 77480
22.0605, 77696
22.072, 76832
22.0838, 76832
22.0946, 76832
22.1049, 76616
22.1153, 76832
22.1257, 76616
22.136, 76400
22.1466, 76184
22.1573, 76184
22.169, 77264
22.1799, 78128
22.1905, 78560
22.2013, 78992
22.2124, 78992
22.2228, 78992
22.2334, 78344
22.2439, 77912
22.2544, 77696
22.2651, 77696
22.2758, 77480
22.2866, 77480
22.2973, 77480
22.3078, 77264
22.334, 77048
22.3445, 77912
22.355, 78128
22.3657, 78128
22.3765, 77480
22.3868, 76616
22.3974, 76616
22.4082, 76616
22.4189, 76400
22.4297, 76616
22.4405, 76832
22.4517, 77048
22.4625, 77048
22.4727, 77048
22.4829, 76832
22.493, 76832
22.5032, 76184
22.5133, 75752
22.5235, 75536
22.5336, 75104
22.5438, 75320
22.5539, 75320
22.5641, 74888
22.5742, 74888
22.5843, 75104
22.5945, 75104
22.6046, 75104
22.6147, 74888
22.6249, 74888
22.635, 74888
22.6452, 74888
22.6554, 74888
22.6656, 74672
22.6757, 74672
22.6859, 74456
22.6961, 74456
22.7063, 74456
22.7164, 74456
22.7267, 74672
22.7369, 74456
22.7471, 74240
22.7572, 74240
22.7674, 74240
22.7776, 74456
22.7878, 74240
22.7979, 74456
22.818, 75536
22.8285, 76184
22.8389, 77264
22.8492, 77912
22.8596, 77912
22.8699, 77696
22.8802, 77264
22.8907, 77480
22.901, 77264
22.9113, 77912
22.9215, 79208
22.9318, 79424
22.9421, 80504
22.9524, 80072
22.9627, 80504
22.9731, 80504
22.9834, 82016
22.9938, 84176
23.0042, 85256
23.0145, 83960
23.0248, 84824
23.0351, 85688
23.0453, 85256
23.0557, 85040
23.0661, 85040
23.0764, 85256
23.0868, 85256
23.0973, 85256
23.1078, 85472
23.118, 85904
23.1284, 85472
23.1388, 86336
23.1493, 84824
23.1596, 85472
23.17, 85688
23.1803, 85688
23.1906, 85256
23.201, 84824
23.2114, 83960
23.2218, 82448
23.232, 80288
23.2422, 80072
23.2525, 79640
23.2628, 78992
23.2731, 78560
23.2834, 78776
23.2938, 78560
23.3041, 78560
23.3149, 79424
23.3253, 79424
23.3356, 79424
23.3459, 79640
23.3563, 79856
23.3668, 79640
23.3772, 79856
23.3875, 80504
23.3977, 82448
23.408, 83744
23.4183, 83744
23.4286, 82016
23.4388, 80936
23.449, 80504
23.4592, 80288
23.4696, 80504
23.4827, 81152
23.4933, 80936
23.5037, 80072
23.5141, 78776
23.5244, 78344
23.5347, 77912
23.5449, 77696
23.5551, 77696
23.5654, 77264
23.5772, 77480
23.5875, 78344
23.5979, 78128
23.6085, 77696
23.6189, 77696
23.6296, 77696
23.6402, 78776
23.6505, 78560
23.6608, 77696
23.6711, 77480
23.6815, 77048
23.6922, 76832
23.7027, 78128
23.7131, 78128
23.7235, 78344
23.7337, 78344
23.744, 79424
23.7551, 79208
23.766, 78344
23.7768, 77912
23.7884, 77264
23.8013, 76832
23.8134, 76400
23.8243, 76184
23.8347, 75968
23.8452, 75752
23.8556, 75320
23.8663, 75536
23.877, 75536
23.8873, 75536
23.8977, 75752
23.908, 75752
23.9182, 75752
23.9286, 75752
23.939, 75752
23.9492, 75752
23.9594, 75752
23.9695, 75752
23.9797, 75536
23.99, 75968
24.0002, 76832
24.0104, 76616
24.0206, 76400
24.0308, 76400
24.041, 76184
24.0511, 76184
24.0612, 76400
24.0713, 76184
24.0815, 76400
24.0916, 76400
24.1017, 76400
24.1119, 76400
24.122, 76400
24.1321, 76616
24.1423, 76616
24.1524, 76616
24.1625, 76616
24.1727, 76616
24.1828, 76616
24.1929, 76616
24.2031, 76616
24.226, 78128
24.2365, 78992
24.247, 78344
24.2574, 77912
24.2678, 77480
24.2781, 77048
24.2884, 76616
24.2988, 76400
24.3091, 76184
24.3195, 75968
24.3301, 75752
24.3412, 76832
24.3519, 76832
24.3636, 76616
24.3745, 76832
24.3851, 76832
24.3957, 76832
24.4064, 76832
24.4172, 76832
24.4276, 76616
24.4382, 76616
24.4486, 76184
24.4588, 75752
24.4691, 75536
24.4793, 76832
24.4895, 76832
24.4997, 75968
24.5099, 75536
24.5201, 75536
24.5303, 75320
24.5405, 75320
24.5508, 75536
24.561, 75536
24.5712, 75536
24.5813, 75536
24.5915, 75536
24.6017, 75320
24.6119, 75104
24.622, 74888
24.6322, 75104
24.6423, 75320
24.6525, 75536
24.6628, 75536
24.673, 75536
24.6831, 75320
24.6934, 75104
24.7035, 75320
24.7138, 76400
24.7241, 76616
24.7344, 76184
24.7447, 76400
24.7551, 76616
24.7654, 76616
24.7757, 76616
24.7859, 77048
24.7963, 77264
24.818, 78128
24.8284, 78992
24.8392, 78992
24.8499, 78560
24.8615, 78560
24.8724, 78344
24.883, 78344
24.8937, 78560
24.9046, 80720
24.9153, 81152
24.926, 81584
24.9362, 81800
24.9464, 81584
24.9566, 81152
24.9667, 81152
24.9769, 80936
24.987, 80720
24.9972, 80720
25.0074, 80504
25.0176, 80288
25.0279, 80288
25.0381, 80288
25.0483, 80072
25.0584, 79856
25.0686, 79640
25.0788, 79424
25.0891, 79424
25.0995, 79424
25.1097, 78992
25.1199, 78344
25.1301, 78128
25.1404, 77912
25.1506, 77480
25.1609, 78344
25.1711, 78344
25.1815, 78344
25.1918, 77696
25.202, 77264
25.2123, 77048
25.2226, 77696
25.2329, 77912
25.2431, 78128
25.2533, 78128
25.2634, 78344
25.2738, 78776
25.2984, 77696
25.3109, 77696
25.3221, 76832
25.333, 77264
25.3438, 76184
25.3544, 75968
25.3653, 77696
25.3761, 77912
25.3874, 77696
25.3991, 77048
25.4107, 77048
25.4226, 77048
25.4344, 77048
25.4449, 77048
25.4552, 77264
25.4655, 77696
25.4759, 77696
25.4862, 77912
25.4969, 77912
25.5077, 77696
25.5194, 77264
25.5307, 77264
25.5415, 77048
25.5526, 77264
25.5634, 76832
25.5744, 77048
25.5859, 77264
25.5969, 77048
25.6078, 77048
25.6186, 77264
25.6299, 77048
25.6405, 77264
25.6509, 77480
25.6614, 77696
25.6718, 77696
25.6823, 77048
25.6929, 77480
25.7035, 77048
25.7138, 76616
25.7246, 75752
25.7355, 76184
25.7473, 76400
25.7617, 76832
25.7739, 76832
25.7846, 76616
25.7954, 76400
25.8062, 75968
25.8173, 76184
25.8293, 75752
25.8403, 75968
25.8506, 75536
25.8609, 75968
25.8711, 76832
25.8814, 77048
25.8915, 77048
25.9017, 77264
25.912, 77696
25.9223, 77912
25.9326, 77696
25.9429, 77048
25.9533, 76832
25.9636, 76616
25.9739, 76616
25.9842, 75752
25.9946, 76184
26.0049, 76400
26.0153, 75752
26.0258, 75752
26.0361, 75536
26.0464, 75320
26.0566, 75536
26.0669, 76184
26.0773, 76184
26.0875, 75536
26.0978, 75104
26.108, 74888
26.1182, 75536
26.1285, 77696
26.1387, 78128
26.1489, 78344
26.1591, 77480
26.1701, 77048
26.1803, 77048
26.1907, 76616
26.2009, 76184
26.2111, 75752
26.2213, 75968
26.2315, 76184
26.2416, 76400
26.2518, 76400
26.2619, 76400
26.2722, 76616
26.2825, 76832
26.2927, 76832
26.3042, 76832
26.3145, 78128
26.3248, 77912
26.3349, 77912
26.3451, 77696
26.3553, 77264
26.3655, 76832
26.3757, 76616
26.3861, 76832
26.3963, 77048
26.4065, 77696
26.4172, 78992
26.4276, 79640
26.4384, 79424
26.4489, 78560
26.4595, 77912
26.4701, 77696
26.4809, 77480
26.4918, 77264
26.5021, 77264
26.5124, 77048
26.5227, 77264
26.5329, 77696
26.5431, 78128
26.5533, 78560
26.5636, 78776
26.574, 78776
26.5843, 79856
26.5947, 82016
26.605, 81800
26.6154, 81800
26.6259, 81800
26.6364, 82016
26.6469, 82232
26.6573, 82448
26.6679, 82664
26.6782, 82448
26.6885, 82448
26.6988, 82664
26.7089, 82664
26.7191, 82664
26.7292, 82664
26.7394, 82880
26.7496, 82880
26.7597, 82664
26.7699, 80936
26.7801, 80072
26.7903, 78992
26.8006, 78776
26.8109, 78344
26.8212, 77912
26.8315, 77264
26.8418, 76616
26.8522, 76400
26.8625, 76184
26.8728, 75968
26.883, 75752
26.8933, 75536
26.9035, 75320
26.9137, 75104
26.9239, 75536
26.9341, 75320
26.9443, 74888
26.9545, 74888
26.9647, 74888
26.975, 74672
26.9855, 74672
26.996, 74456
27.0065, 74456
27.0175, 74456
27.0322, 74240
27.0452, 74240
27.0559, 74240
27.0662, 74240
27.0785, 75320
27.0943, 75536
27.1059, 75968
27.1181, 75536
27.1303, 75536
27.1429, 76184
27.1536, 76400
27.1673, 75320
27.1785, 75320
27.1893, 75320
27.2003, 75752
27.2113, 75536
27.2231, 75320
27.2342, 75536
27.245, 75752
27.256, 75536
27.2662, 75320
27.2765, 75968
27.2872, 75104
27.2975, 75104
27.3078, 75104
27.3181, 75104
27.3283, 75104
27.3385, 75320
27.3491, 75752
27.3594, 76400
27.3697, 76184
27.38, 76184
27.3902, 76184
27.4005, 75968
27.4107, 76184
27.421, 76184
27.4312, 76184
27.4414, 76184
27.4515, 76184
27.4618, 76184
27.4719, 76184
27.4824, 77048
27.4927, 76400
27.503, 76184
27.5133, 75968
27.5235, 75968
27.5338, 76184
27.544, 76184
27.5543, 76184
27.5645, 76184
27.5746, 76184
27.5849, 76184
27.5951, 76184
27.6054, 76400
27.6157, 76400
27.6259, 76400
27.636, 76400
27.6462, 76400
27.6564, 76400
27.6665, 76400
27.6768, 77048
27.687, 76832
27.6974, 77480
27.7078, 77696
27.7185, 77048
27.7289, 76616
27.7394, 76184
27.7497, 75752
27.76, 75536
27.7704, 75968
27.7809, 80072
27.7914, 80720
27.8018, 80936
27.8123, 80288
27.8226, 78560
27.833, 78560
27.8435, 78344
27.8538, 78128
27.8643, 78128
27.8746, 78128
27.885, 78128
27.8953, 78344
27.9056, 78128
27.916, 77048
27.9264, 76184
27.9368, 77264
27.9473, 78992
27.9576, 79424
27.9678, 78992
27.9783, 78344
27.9887, 78128
27.9993, 77696
28.0098, 79424
28.0202, 82880
28.0305, 83528
28.0409, 84608
28.0513, 84392
28.0616, 85472
28.072, 84608
28.0822, 83960
28.0925, 84608
28.1027, 83960
28.113, 85040
28.1232, 85040
28.1334, 84608
28.1436, 85040
28.1539, 85256
28.1642, 82448
28.1744, 81368
28.1846, 80720
28.1949, 80504
28.2052, 80072
28.2155, 79856
28.2257, 79640
28.236, 79208
28.2462, 79208
28.2564, 78992
28.2667, 78344
28.2769, 78344
28.2871, 78560
28.2974, 78776
28.3078, 79424
28.318, 78776
28.3283, 78560
28.3385, 78344
28.3488, 78128
28.359, 78128
28.3692, 77912
28.3794, 77696
28.3901, 77912
28.4004, 78992
28.4107, 79640
28.4209, 77912
28.4312, 77480
28.4414, 77048
28.4516, 76616
28.4619, 76616
28.4723, 77480
28.4828, 77480
28.4933, 77912
28.5038, 78344
28.514, 77048
28.5244, 76832
28.5349, 76616
28.5456, 76400
28.5576, 77480
28.5682, 77048
28.5787, 77048
28.5892, 76832
28.5998, 77696
28.6105, 78344
28.621, 77912
28.6313, 77696
28.6416, 77480
28.652, 77696
28.6629, 77912
28.6736, 78128
28.685, 77480
28.696, 77048
28.7068, 76832
28.7177, 76832
28.7288, 76400
28.7397, 76400
28.7505, 76184
28.7608, 75968
28.7712, 75320
28.7814, 77048
28.7918, 77696
28.8022, 77912
28.8126, 78344
28.8229, 78344
28.8331, 78560
28.8434, 78560
28.8536, 78560
28.8639, 78776
28.8742, 78776
28.8845, 78776
28.8947, 78776
28.9049, 78776
28.9152, 77912
28.9255, 77696
28.9359, 77480
28.9506, 77264
28.961, 77264
28.9713, 77480
28.9815, 78128
28.9917, 78344
29.0019, 78128
29.0121, 77264
29.0225, 77264
29.0331, 77048
29.0434, 75968
29.0536, 75752
29.064, 75536
29.0742, 75536
29.0844, 75320
29.0947, 74888
29.105, 74888
29.1152, 74672
29.1255, 74672
29.1357, 74672
29.1459, 74456
29.1562, 74456
29.1665, 74456
29.1767, 74456
29.1869, 74672
29.2141, 76400
29.2247, 76832
29.2352, 76832
29.2463, 76616
29.257, 76616
29.2675, 76616
29.2777, 76616
29.288, 76616
29.2983, 76400
29.3086, 75968
29.319, 75752
29.3297, 76184
29.3406, 76184
29.3514, 76616
29.3622, 75968
29.3728, 75968
29.3836, 75752
29.3944, 75752
29.4053, 76184
29.4165, 76832
29.4272, 77264
29.4377, 77264
29.4479, 77048
29.4581, 77048
29.4682, 77048
29.4784, 77048
29.4885, 76832
29.4987, 77048
29.5088, 77048
29.519, 77264
29.5291, 77264
29.5393, 77696
29.5494, 77696
29.5595, 77480
29.5697, 77480
29.5798, 77264
29.59, 77480
29.6001, 77480
29.6103, 77696
29.6205, 77696
29.6306, 77696
29.6408, 77696
29.6511, 77696
29.6613, 77480
29.6716, 77480
29.6819, 77480
29.6921, 77696
29.7023, 77696
29.7125, 77480
29.7227, 77696
29.7329, 77480
29.7431, 77480
29.7533, 77480
29.7636, 78128
29.774, 78776
29.7843, 78128
29.7945, 77048
29.8048, 77048
29.8152, 77912
29.8256, 77912
29.8364, 78560
29.8472, 78344
29.8581, 78128
29.8689, 78344
29.8797, 77696
29.8905, 77696
29.9015, 77480
29.9124, 77264
29.9229, 76616
29.9333, 76184
29.9437, 76832
29.9541, 77480
29.9646, 77912
29.9749, 78128
29.9853, 78776
29.9955, 78776
30.0057, 78344
30.016, 77696
30.0262, 77696
30.0364, 77480
30.0465, 77480
30.0567, 77480
30.0669, 77480
30.077, 77264
30.0872, 77480
30.0974, 77264
30.1076, 77264
30.1177, 77048
30.1279, 77048
30.138, 77264
30.1482, 77048
30.1585, 76832
30.1687, 76832
30.1789, 76832
30.1891, 76832
30.1992, 76832
30.2094, 77048
30.2196, 76832
30.2297, 76832
30.2399, 77480
30.2502, 77480
30.2603, 77048
30.2705, 76616
30.2806, 76184
30.2908, 76184
30.301, 76400
30.3112, 77264
30.3217, 79208
30.3329, 77696
30.3437, 77048
30.3545, 78128
30.3651, 78128
30.3759, 76832
30.3866, 77048
30.3983, 77696
30.4088, 79424
30.4193, 79424
30.4298, 78344
30.4409, 78344
30.4526, 77264
30.4632, 76832
30.4739, 76616
30.4845, 76184
30.4949, 77048
30.5053, 77264
30.5157, 77264
30.5261, 77264
30.5366, 77696
30.5469, 77912
30.5572, 77912
30.5681, 77696
30.5803, 77264
30.5915, 77480
30.6028, 77480
30.6149, 77048
30.6256, 77480
30.6373, 77696
30.6479, 77480
30.6587, 77480
30.6697, 77264
30.6802, 77264
30.6909, 77480
30.7018, 77696
30.7147, 77696
30.7251, 77264
30.7367, 77264
30.7471, 77048
30.7577, 76616
30.7691, 76616
30.78, 76616
30.7909, 77912
30.8017, 78776
30.8131, 78128
30.8263, 76616
30.8384, 76400
30.8503, 76184
30.8613, 75752
30.8728, 76184
30.8836, 76184
30.896, 77048
30.9073, 76616
30.9182, 76616
30.9292, 75752
30.9416, 75968
30.9525, 75752
30.963, 75752
30.9735, 76832
30.984, 77696
30.9943, 78560
31.0045, 78560
31.0148, 78128
31.0251, 78128
31.0354, 78128
31.0456, 77912
31.0559, 77696
31.0662, 77264
31.0765, 77048
31.0868, 77912
31.097, 77696
31.1073, 77696
31.1175, 77048
31.1277, 76832
31.138, 76616
31.1484, 76832
31.1587, 77264
31.1689, 77912
31.1791, 77912
31.1894, 78128
31.1996, 78128
31.2102, 77912
31.2206, 77696
31.2309, 77480
31.2411, 78128
31.2514, 78992
31.2617, 77696
31.2719, 77696
31.2822, 77480
31.2925, 76832
31.303, 77480
31.3135, 78128
31.3239, 78128
31.3346, 78776
31.3453, 79208
31.356, 79640
31.3666, 79640
31.3774, 79640
31.388, 79856
31.3986, 80504
31.4088, 81152
31.4191, 81368
31.4293, 81368
31.4395, 81368
31.4498, 81152
31.4601, 81368
31.4704, 80936
31.4807, 79640
31.4909, 78776
31.5011, 77912
31.5114, 77696
31.5217, 77480
31.5319, 77264
31.5422, 77264
31.5523, 77048
31.5626, 77048
31.5728, 76832
31.594, 77480
31.6045, 79424
31.6149, 79856
31.6252, 80288
31.6354, 80504
31.6463, 80720
31.657, 80288
31.6678, 79424
31.6787, 78776
31.6896, 78344
31.7, 77048
31.7106, 76616
31.7214, 76616
31.7322, 77264
31.7427, 76832
31.7541, 77048
31.7649, 77480
31.7757, 77480
31.7863, 77264
31.797, 76832
31.8086, 76400
31.8195, 76400
31.8298, 75968
31.84, 75320
31.8501, 75104
31.8603, 74888
31.8705, 75104
31.8807, 75104
31.891, 75320
31.9012, 75536
31.9114, 75536
31.9217, 75536
31.9318, 75536
31.9421, 75536
31.9523, 75536
31.9626, 75752
31.9729, 75752
31.9833, 75752
31.9936, 75320
32.0039, 75320
32.0142, 75320
32.0245, 75320
32.035, 75320
32.0454, 75536
32.0558, 75536
32.0662, 75536
32.0766, 75536
32.0868, 75320
32.0969, 75320
32.1072, 75320
32.1174, 75536
32.1276, 75536
32.1378, 75320
32.1481, 75752
32.1583, 76832
32.1686, 76832
32.1788, 76400
32.1892, 76832
32.2, 78776
32.2112, 79208
32.2219, 79208
32.2326, 78128
32.2432, 76616
32.2559, 76616
32.2675, 76616
32.2785, 76400
32.2895, 76400
32.3042, 75968
32.3152, 75968
32.3263, 76184
32.3371, 75968
32.3704, 76616
32.3942, 76184
32.4112, 75968
32.4228, 76184
32.4332, 75752
32.4436, 75536
32.4537, 75536
32.4639, 75320
32.4742, 75536
32.4844, 76616
32.4948, 78344
32.5052, 77264
32.5156, 76616
32.5261, 75968
32.5363, 75752
32.5465, 75752
32.5569, 75752
32.5673, 76184
32.5775, 75968
32.5877, 75968
32.5979, 75968
32.608, 76184
32.6183, 76184
32.6285, 76184
32.6387, 76184
32.6488, 75968
32.659, 76184
32.6692, 76184
32.6794, 77696
32.6897, 77912
32.6998, 77912
32.71, 77480
32.7202, 77264
32.7303, 76832
32.7405, 76832
32.7506, 77048
32.7607, 77264
32.7709, 77480
32.781, 77696
32.7911, 77696
32.8013, 77912
32.8115, 77696
32.8217, 77912
32.846, 79208
32.8564, 80072
32.8667, 80504
32.877, 79208
32.8873, 79208
32.8976, 78560
32.9078, 77696
32.9181, 77696
32.9284, 77696
32.9386, 77912
32.949, 78992
32.9594, 78992
32.9698, 78776
32.9803, 78776
32.9907, 78776
33.0011, 79640
33.0113, 82232
33.0216, 83312
33.0319, 84392
33.0421, 85256
33.0525, 85904
33.0629, 86768
33.0734, 86768
33.0838, 85256
33.0942, 85472
33.1045, 85688
33.115, 85688
33.1253, 86336
33.1356, 86984
33.1459, 87416
33.1563, 85256
33.1666, 84392
33.177, 84392
33.1873, 84392
33.1976, 85472
33.2078, 85472
33.2181, 84176
33.2284, 83528
33.2386, 82448
33.2487, 81800
33.2589, 81584
33.2691, 81584
33.2795, 81152
33.2897, 82016
33.3, 82232
33.3102, 81368
33.3205, 82232
33.3308, 83096
33.3411, 82880
33.3514, 82448
33.3615, 82016
33.3717, 81800
33.3819, 81584
33.3921, 81584
33.4024, 81368
33.4128, 80936
33.423, 79208
33.4333, 78560
33.4435, 78128
33.4538, 77696
33.464, 77480
33.4742, 77264
33.4845, 77696
33.4951, 79640
33.5054, 79856
33.5157, 78344
33.526, 77912
33.5363, 77696
33.5466, 77480
33.5569, 77696
33.5672, 78128
33.5777, 77264
33.588, 77048
33.5984, 76616
33.6087, 76832
33.6189, 78344
33.6292, 78776
33.6394, 78992
33.6496, 79208
33.6598, 79424
33.6701, 79640
33.6806, 78992
33.6912, 79208
33.7015, 78344
33.7119, 77048
33.7222, 76616
33.7326, 76400
33.7429, 77048
33.7532, 77048
33.7635, 78128
33.7737, 77264
33.7841, 76832
33.7952, 77480
33.8058, 78344
33.8174, 78344
33.8285, 78344
33.8394, 77480
33.8502, 77048
33.8618, 76616
33.8785, 76400
33.891, 76616
33.9016, 76400
33.9121, 76184
33.9226, 76184
33.933, 76184
33.9434, 78128
33.9538, 79208
33.9644, 79640
33.9749, 79640
33.9903, 78560
34.0014, 78560
34.0118, 78560
34.0233, 77912
34.0358, 77912
34.0479, 77264
34.0586, 77048
34.069, 77048
34.0794, 76832
34.0897, 77048
34.1002, 77048
34.1106, 77048
34.1214, 77264
34.132, 77480
34.143, 77264
34.1541, 77480
34.1649, 77480
34.1769, 77480
34.1896, 77264
34.2005, 77480
34.2112, 77480
34.2226, 77480
34.2334, 77264
34.2438, 76832
34.2543, 76616
34.2647, 76184
34.2752, 78560
34.2857, 79424
34.2961, 79856
34.3067, 79856
34.3172, 78992
34.3277, 78992
34.3381, 78776
34.3484, 78776
34.3586, 78776
34.3689, 78560
34.3805, 78128
34.3911, 77912
34.4015, 77696
34.4119, 77696
34.4222, 77696
34.4329, 77480
34.4439, 77480
34.4542, 76832
34.465, 76616
34.4756, 76616
34.4866, 77048
34.4972, 77048
34.5078, 77048
34.5184, 77048
34.5289, 77048
34.5391, 76400
34.5492, 76184
34.5594, 75968
34.5698, 75968
34.5799, 76400
34.5901, 76832
34.6002, 77048
34.6103, 77048
34.6205, 77048
34.6306, 77048
34.6407, 77048
34.6509, 77264
34.661, 77480
34.6712, 77480
34.6813, 77264
34.6914, 77264
34.7016, 76832
34.7118, 76616
34.7219, 76832
34.7322, 76832
34.7423, 76832
34.7525, 77480
34.7627, 77264
34.7728, 77264
34.783, 76832
34.7931, 76616
34.8033, 76832
34.8136, 76616
34.8238, 76616
34.834, 76616
34.8441, 76400
34.8543, 77696
34.8646, 77912
34.8749, 77912
34.8852, 77912
34.8955, 77696
34.9059, 77912
34.9163, 78128
34.927, 77696
34.9374, 76832
34.9477, 77264
34.958, 77048
34.9683, 77480
34.9786, 79856
34.9888, 82664
34.9991, 85040
35.0094, 85688
35.0205, 84608
35.0308, 84392
35.041, 84392
35.0514, 85256
35.0618, 85688
35.0722, 85256
35.0825, 85472
35.0928, 85904
35.1032, 85688
35.1136, 85904
35.1239, 86336
35.1342, 86336
35.1445, 86552
35.1549, 86768
35.1653, 86768
35.1756, 86552
35.1859, 85688
35.1963, 86336
35.2066, 86768
35.2172, 85256
35.2277, 84608
35.2382, 83312
35.2487, 83960
35.2591, 82880
35.2695, 81800
35.2798, 81368
35.29, 80720
35.3004, 80288
35.3111, 79856
35.3214, 79424
35.3317, 79208
35.3421, 79208
35.3524, 78776
35.3627, 78776
35.3731, 78776
35.3835, 78776
35.394, 78560
35.4043, 78344
35.4147, 78128
35.425, 77912
35.4353, 78128
35.4459, 78344
35.4565, 78344
35.4669, 77912
35.4772, 77696
35.4874, 77696
35.4977, 78344
35.508, 78560
35.5188, 78344
35.53, 78128
35.5405, 77480
35.5509, 76832
35.5612, 76616
35.5715, 76616
35.5818, 76832
35.592, 76832
35.6023, 76832
35.6125, 77048
35.6236, 79424
35.6339, 79856
35.6445, 78776
35.6549, 77912
35.6653, 77264
35.6757, 76832
35.6859, 76616
35.6966, 76616
35.707, 76832
35.7172, 77696
35.7278, 77696
35.7382, 78560
35.7485, 78128
35.7588, 77696
35.7692, 77048
35.7796, 76832
35.7901, 76832
35.8006, 77264
35.8112, 78344
35.8218, 78560
35.8323, 78560
35.8428, 78560
35.8536, 78560
35.8646, 77264
35.8753, 76832
35.8864, 76400
35.8972, 77480
35.9077, 78560
35.9187, 78776
35.9306, 78128
35.9415, 77480
35.9525, 77264
35.9633, 76616
35.9748, 76616
35.9855, 76400
35.9964, 76400
36.0072, 76616
36.018, 76616
36.0299, 76616
36.0407, 77048
36.051, 77480
36.0612, 77696
36.0717, 77264
36.0821, 76832
36.0924, 76616
36.1026, 76616
36.1129, 76832
36.1231, 78344
36.1334, 78992
36.1436, 78992
36.154, 78344
36.1643, 78128
36.1746, 77912
36.1847, 77912
36.1949, 77912
36.2051, 77912
36.2152, 77912
36.2254, 78344
36.2357, 78560
36.2459, 78128
36.2561, 78128
36.2663, 77912
36.2764, 77480
36.2865, 77480
36.2967, 77480
36.3068, 77696
36.3169, 78560
36.3271, 78776
36.3372, 78992
36.3473, 78560
36.3574, 77912
36.3678, 77696
36.3779, 77480
36.3881, 77048
36.3982, 76832
36.4083, 77048
36.4185, 77264
36.4286, 77264
36.446, 78776
36.4564, 79856
36.4667, 80288
36.477, 78776
36.4876, 78128
36.498, 77696
36.5086, 77480
36.5193, 77048
36.5301, 77048
36.5407, 76616
36.551, 76400
36.5618, 76832
36.5726, 77264
36.5831, 76832
36.5943, 76616
36.605, 76832
36.6158, 76832
36.6265, 76616
36.6376, 76616
36.6487, 76832
36.6596, 76616
36.67, 76616
36.6804, 76400
36.6906, 76184
36.7008, 77264
36.711, 78344
36.7212, 78776
36.7314, 78560
36.7417, 77480
36.7518, 77264
36.762, 77264
36.7722, 78128
36.7824, 78560
36.7926, 78128
36.8029, 77696
36.8131, 77480
36.8234, 77264
36.8337, 77264
36.8438, 77480
36.854, 77696
36.8642, 78128
36.8743, 78776
36.8846, 78992
36.8949, 77912
36.9051, 77480
36.9152, 77264
36.9254, 77264
36.9356, 78344
36.9459, 79424
36.9562, 79208
36.9665, 78776
36.9771, 78560
36.9874, 78560
36.9976, 80072
37.0079, 80720
37.0182, 81152
37.0285, 81584
37.0388, 81584
37.0493, 82016
37.0597, 82448
37.07, 82448
37.0811, 82448
37.0917, 83096
37.102, 82016
37.1127, 82664
37.1232, 82880
37.1339, 83096
37.1456, 83096
37.1566, 82448
37.1673, 80936
37.1778, 80504
37.1879, 80288
37.1981, 81368
37.2082, 81584
37.2184, 81800
37.2286, 81584
37.2387, 81800
37.2489, 81800
37.2591, 81800
37.2693, 81584
37.2794, 81584
37.2896, 81584
37.2999, 81584
37.3101, 81584
37.3204, 80936
37.3307, 80504
37.3409, 80072
37.3511, 80072
37.3614, 80936
37.3716, 81152
37.3818, 80936
37.392, 80072
37.4022, 79640
37.4125, 79424
37.4227, 78344
37.4331, 78128
37.4437, 77912
37.454, 77480
37.4642, 77048
37.4745, 77264
37.4847, 77264
37.4952, 77696
37.5057, 77912
37.5162, 77696
37.5266, 77480
37.537, 77480
37.5473, 77480
37.5579, 77264
37.5698, 78560
37.5811, 78992
37.592, 78992
37.6066, 78776
37.6176, 78992
37.6281, 78128
37.6385, 77480
37.6498, 77696
37.6624, 78776
37.6737, 79208
37.6844, 79208
37.6948, 78560
37.7052, 77696
37.7156, 78776
37.726, 81152
37.7363, 82232
37.7465, 83312
37.7568, 87200
37.7669, 88496
37.7772, 88928
37.7876, 87632
37.7979, 86120
37.8089, 84824
37.8198, 83528
37.8306, 83528
37.8422, 82448
37.8537, 82448
37.865, 82880
37.8769, 81584
37.8876, 81368
37.8985, 80936
37.9095, 80504
37.9201, 79424
37.9306, 79208
37.9422, 78776
37.9539, 78560
37.9653, 78128
37.9758, 78560
37.986, 77912
37.9964, 77912
38.0069, 78128
38.0172, 77696
38.0279, 77480
38.0385, 77480
38.0497, 77696
38.0607, 77696
38.0713, 77264
38.0817, 76832
38.0923, 76616
38.1026, 76400
38.1128, 76400
38.123, 76616
38.1333, 76616
38.1435, 76616
38.1537, 77048
38.1639, 77264
38.1741, 78344
38.1844, 77696
38.1945, 77264
38.2047, 77480
38.215, 77912
38.2254, 77696
38.2357, 77696
38.246, 77480
38.2563, 77264
38.2666, 77048
38.2769, 76616
38.2872, 77480
38.2975, 77912
38.3079, 77696
38.3183, 77048
38.3285, 76832
38.339, 77048
38.3493, 77264
38.3596, 77696
38.3716, 77912
38.3819, 78128
38.3922, 77696
38.4024, 77264
38.4127, 77048
38.423, 76832
38.4332, 77048
38.4438, 78992
38.4541, 78560
38.4645, 78992
38.475, 79208
38.4854, 78128
38.4958, 77696
38.5061, 77264
38.5165, 78344
38.5268, 77480
38.5371, 77048
38.5475, 76832
38.5582, 77264
38.5689, 77696
38.5811, 77480
38.5918, 77480
38.6024, 77264
38.6131, 77480
38.6238, 77264
38.6346, 76832
38.6452, 76832
38.6554, 76400
38.6656, 76832
38.6758, 77696
38.686, 78128
38.6962, 78344
38.7064, 78128
38.7167, 78344
38.7269, 78344
38.7373, 77912
38.7476, 77912
38.7578, 77696
38.7681, 77696
38.7785, 77912
38.7889, 77696
38.7992, 77696
38.8097, 77696
38.82, 77696
38.8371, 77696
38.8476, 77696
38.8579, 77696
38.8684, 77696
38.8788, 77480
38.8893, 77696
38.8998, 80504
38.9105, 81368
38.9209, 81800
38.9312, 81800
38.942, 83312
38.9525, 83312
38.9634, 82880
38.9748, 82016
38.9856, 82016
38.9966, 82016
39.0072, 82232
39.0178, 82448
39.0279, 81800
39.0381, 81368
39.0483, 80936
39.0584, 80720
39.0686, 80504
39.0788, 79856
39.089, 79640
39.0991, 79424
39.1093, 79424
39.1195, 79208
39.1297, 78776
39.1399, 78776
39.15, 78776
39.1602, 78776
39.1704, 79208
39.1806, 78344
39.1908, 78560
39.201, 78560
39.2112, 78344
39.2214, 78344
39.2316, 78560
39.2418, 77912
39.2519, 77912
39.2621, 77480
39.2723, 77480
39.2826, 77912
39.2931, 78128
39.3036, 77912
39.3141, 78560
39.3247, 78992
39.335, 78344
39.3452, 77912
39.3559, 77480
39.3664, 77048
39.3771, 77048
39.3876, 76832
39.3984, 76616
39.4091, 76832
39.4227, 76832
39.4338, 77048
39.4463, 77696
39.457, 77696
39.4697, 77264
39.4811, 76832
39.4942, 76616
39.5052, 76616
39.5157, 76616
39.5263, 76832
39.5368, 77264
39.547, 77048
39.5572, 76400
39.568, 76184
39.5785, 76184
39.589, 76184
39.5995, 77048
39.61, 77048
39.6203, 77048
39.6306, 76616
39.641, 76400
39.6513, 76184
39.6616, 76400
39.6718, 76616
39.6821, 76832
39.6923, 77048
39.7026, 77264
39.7129, 77264
39.7232, 77264
39.7335, 77264
39.7438, 77264
39.754, 77480
39.7642, 77480
39.7744, 77480
39.7845, 77696
39.7948, 77696
39.8052, 77912
39.8156, 77696
39.8258, 77480
39.8361, 77264
39.8467, 77048
39.8572, 77264
39.8674, 77264
39.8776, 77480
39.888, 77480
39.8983, 77264
39.9085, 77264
39.9189, 77264
39.9292, 77264
39.9394, 77264
39.9496, 77264
39.9599, 77264
39.9701, 77264
39.9901, 78344
40.0007, 79856
40.0111, 78776
40.022, 77912
40.0324, 78128
40.0429, 76616
40.0532, 76616
40.0636, 76832
40.0741, 78128
40.0844, 80288
40.0947, 80288
40.1051, 79424
40.1154, 78560
40.1259, 78128
40.1363, 78128
40.1467, 78128
40.1572, 78128
40.1676, 78128
40.178, 78344
40.1885, 78560
40.1991, 77912
40.2095, 77696
40.2199, 77480
40.2303, 77696
40.2407, 78128
40.251, 78344
40.2614, 78344
40.2718, 77912
40.2822, 77480
40.2925, 77480
40.303, 77912
40.3134, 78128
40.3239, 78344
40.3345, 77480
40.3449, 77480
40.3552, 77480
40.3655, 77696
40.3759, 77480
40.3862, 78128
40.3964, 78560
40.4067, 78344
40.4172, 78560
40.4277, 77912
40.438, 78344
40.4483, 77480
40.4585, 77912
40.4688, 77696
40.4791, 77696
40.4894, 77696
40.4998, 77912
40.5101, 77912
40.5204, 77912
40.5306, 77912
40.5408, 78128
40.5512, 77912
40.5615, 77912
40.5717, 77912
40.582, 79424
40.5924, 79424
40.6028, 79640
40.613, 80936
40.6233, 82664
40.6335, 82232
40.6438, 81368
40.654, 81152
40.6643, 80720
40.6746, 81584
40.6849, 81584
40.6952, 81800
40.7055, 81800
40.7157, 80936
40.7259, 80720
40.7361, 80504
40.7463, 80072
40.7565, 79856
40.7667, 79424
40.7769, 79208
40.7872, 79640
40.7979, 80936
40.8082, 81152
40.8184, 80288
40.8286, 78776
40.8387, 78560
40.8489, 78128
40.8591, 77912
40.8693, 77696
40.8797, 78128
40.89, 78560
40.9003, 78128
40.9106, 77696
40.9209, 77696
40.9312, 77912
40.9416, 77696
40.9523, 77480
40.9628, 77264
40.9733, 77048
40.9839, 77696
40.9945, 77264
41.0049, 76832
41.0153, 76616
41.0259, 76400
41.037, 76616
41.049, 78344
41.0599, 79640
41.0717, 80288
41.0829, 78560
41.0937, 78344
41.1053, 78344
41.116, 77912
41.1271, 77264
41.1382, 76832
41.1491, 76616
41.1598, 76400
41.1702, 76400
41.1805, 76184
41.1907, 76184
41.2011, 76184
41.2114, 76400
41.2217, 77048
41.232, 77048
41.2424, 77264
41.2528, 77264
41.2631, 77048
41.2734, 77264
41.2837, 77264
41.294, 77048
41.3043, 77264
41.3147, 77696
41.3251, 77480
41.3353, 77264
41.3456, 77048
41.3559, 76832
41.3661, 76616
41.3763, 77048
41.3865, 77480
41.3968, 79424
41.4072, 78776
41.4175, 77480
41.4277, 77264
41.438, 77048
41.4485, 76832
41.4588, 76832
41.4691, 77048
41.4793, 77480
41.4896, 77480
41.4998, 77264
41.5101, 77264
41.5204, 77048
41.5306, 77048
41.541, 77048
41.5512, 77048
41.5614, 77264
41.5821, 78560
41.5925, 78992
41.6028, 78776
41.6131, 77912
41.6236, 77696
41.6341, 77480
41.6465, 77264
41.6572, 77048
41.6679, 77048
41.6784, 77048
41.6887, 76832
41.6993, 76616
41.7099, 76832
41.7205, 76832
41.7311, 76616
41.7416, 77048
41.7527, 77048
41.7741, 76832
41.785, 76616
41.7955, 76616
41.8059, 76616
41.8164, 76616
41.8268, 75968
41.8371, 75752
41.8473, 75752
41.8575, 76184
41.8676, 76184
41.8778, 76616
41.8879, 76616
41.8981, 76832
41.9082, 76832
41.9183, 76832
41.9285, 76832
41.9386, 77048
41.9488, 77048
41.9589, 77048
41.969, 77048
41.9791, 77264
41.9893, 77264
41.9994, 77048
42.0096, 77048
42.0198, 77264
42.0299, 77480
42.04, 77480
42.0502, 77480
42.0603, 77480
42.0705, 77480
42.0807, 77480
42.0909, 77480
42.1011, 77264
42.1113, 77264
42.1217, 77480
42.132, 77480
42.1422, 77480
42.1524, 77264
42.1628, 77264
42.173, 77264
42.1832, 77264
42.1933, 77480
42.214, 78128
42.2244, 78992
42.2348, 79856
42.2455, 78992
42.2561, 78992
42.2673, 78776
42.2781, 77912
42.2887, 77480
42.2993, 77480
42.3098, 77696
42.3207, 77696
42.3313, 77696
42.3415, 77912
42.3517, 78560
42.362, 78992
42.3722, 78560
42.3824, 78560
42.3927, 79208
42.4029, 79856
42.4132, 80072
42.4235, 80288
42.4338, 80072
42.4443, 79424
42.4546, 79856
42.4649, 80072
42.4751, 78776
42.4853, 78344
42.4955, 78128
42.5057, 77912
42.5159, 77480
42.5261, 77048
42.5362, 77048
42.5464, 76832
42.5565, 76832
42.5667, 76832
42.5768, 76832
42.5869, 76616
42.5971, 76616
42.6072, 76616
42.6173, 76832
42.6275, 76832
42.6377, 76832
42.6479, 76832
42.6581, 76616
42.6683, 76616
42.6785, 76832
42.6887, 76400
42.6988, 77048
42.7091, 78776
42.7197, 79856
42.7302, 78776
42.7413, 79208
42.7516, 78128
42.762, 77480
42.7724, 77696
42.7828, 77696
42.7937, 77048
42.8067, 77696
42.8196, 77480
42.8306, 77696
42.8418, 77696
42.8539, 77696
42.8653, 78128
42.8761, 77912
42.8877, 78128
42.8993, 78128
42.911, 78128
42.9217, 78344
42.9325, 78776
42.9438, 78992
42.9547, 78776
42.9652, 78776
42.9756, 78992
42.986, 78992
42.9966, 78992
43.0069, 78992
43.0173, 78344
43.0277, 77912
43.0382, 77264
43.0487, 77480
43.0594, 77912
43.0717, 77696
43.0828, 78776
43.0939, 79856
43.106, 80288
43.118, 81800
43.1293, 82880
43.1423, 82448
43.1542, 82664
43.1647, 82664
43.1758, 81584
43.1871, 80504
43.1979, 79856
43.2084, 78344
43.2188, 77696
43.2292, 77264
43.24, 77264
43.2508, 77264
43.2612, 78776
43.2717, 78560
43.2821, 78344
43.2929, 78560
43.3039, 78128
43.3142, 77696
43.3244, 77480
43.3346, 77264
43.3448, 77696
43.355, 79640
43.3652, 80072
43.3754, 80288
43.3858, 80288
43.3961, 80504
43.4063, 80720
43.4165, 80720
43.4268, 81152
43.4374, 80936
43.4478, 80504
43.4583, 80504
43.4686, 79856
43.4789, 79640
43.4891, 78776
43.4994, 79208
43.5097, 79424
43.52, 80072
43.5303, 79856
43.5406, 79208
43.5508, 78776
43.5611, 78992
43.5714, 78776
43.5816, 78344
43.5919, 78344
43.6021, 77912
43.6123, 78344
43.6226, 78344
43.6341, 78344
43.6444, 78560
43.6546, 77912
43.6649, 77696
43.6751, 77912
43.6854, 78344
43.6958, 78344
43.7061, 78344
43.7165, 78344
43.7269, 78344
43.7378, 78344
43.7484, 78128
43.7595, 78128
43.7704, 78344
43.7812, 78128
43.7923, 78128
43.803, 78344
43.8132, 77696
43.8234, 77264
43.8336, 77048
43.8438, 77048
43.8542, 78128
43.8645, 79856
43.8749, 81152
43.8852, 81584
43.8956, 81800
43.9059, 82016
43.9163, 82016
43.9266, 82016
43.9369, 82232
43.9472, 82232
43.9575, 82016
43.9678, 81368
43.9781, 81152
43.9884, 81152
43.9986, 80936
44.0088, 80936
44.0191, 80936
44.0295, 80936
44.0398, 81368
44.0502, 81800
44.0604, 82016
44.0707, 82232
44.0809, 82232
44.0911, 82448
44.1014, 82664
44.1115, 82664
44.1217, 82880
44.1319, 82880
44.142, 81800
44.1525, 82232
44.1632, 82880
44.1735, 81584
44.1838, 80720
44.194, 80288
44.2042, 80072
44.2143, 80720
44.2244, 80936
44.2346, 81152
44.2447, 80720
44.2549, 80072
44.2651, 79640
44.2754, 78776
44.2856, 78560
44.2958, 78344
44.306, 78128
44.3163, 77912
44.3267, 77480
44.3369, 77480
44.3471, 77480
44.3573, 77264
44.3676, 77264
44.3777, 77264
44.388, 77264
44.3983, 77480
44.4088, 77480
44.4195, 77264
44.43, 77048
44.4404, 77048
44.4508, 77048
44.4611, 77264
44.4714, 77264
44.4818, 77264
44.4922, 77264
44.5026, 77264
44.5129, 77264
44.5231, 77048
44.5334, 77264
44.5435, 78128
44.554, 77696
44.5656, 78560
44.5766, 78992
44.5878, 79208
44.5984, 78560
44.6095, 77696
44.6209, 77696
44.6315, 77480
44.6425, 77264
44.6534, 77480
44.6647, 79208
44.6768, 80504
44.6892, 80936
44.7037, 81368
44.7157, 81584
44.7271, 82232
44.7377, 82448
44.748, 82448
44.7585, 82232
44.7687, 82016
44.7788, 81584
44.789, 81584
44.7994, 81368
44.8097, 81368
44.8199, 81152
44.8303, 79424
44.8406, 78992
44.8508, 78992
44.8611, 78776
44.8715, 78992
44.8817, 78776
44.8919, 78560
44.9021, 78128
44.9129, 77912
44.9233, 77912
44.9335, 77912
44.9437, 77912
44.9539, 77912
44.9642, 78128
44.9745, 78128
44.9848, 77912
44.9952, 77696
45.0055, 77696
45.0158, 77696
45.026, 77048
45.0363, 77048
45.0466, 77264
45.0569, 77264
45.0671, 77264
45.0775, 77480
45.0878, 77480
45.0983, 77480
45.1085, 77480
45.1188, 77480
45.129, 77480
45.1392, 77696
45.1494, 77696
45.1596, 77264
45.1698, 77048
45.1799, 76832
45.1903, 78344
45.2107, 79424
45.2212, 79208
45.2315, 77912
45.2419, 77480
45.2522, 77696
45.2625, 77696
45.2728, 77264
45.2831, 78560
45.2934, 79424
45.3036, 80720
45.3141, 80720
45.3245, 78776
45.3349, 78560
45.3453, 78344
45.3556, 77912
45.3661, 77696
45.3764, 77696
45.3866, 78128
45.3969, 78344
45.4073, 78776
45.4176, 80936
45.428, 82232
45.4382, 83096
45.4484, 83960
45.4586, 84824
45.4688, 85256
45.4791, 85688
45.4894, 85904
45.4997, 86120
45.5101, 85904
45.5203, 85472
45.5306, 85472
45.5409, 85472
45.5513, 86336
45.5617, 86552
45.572, 86552
45.5824, 86984
45.5928, 87200
45.6034, 86336
45.6138, 85904
45.6244, 84176
45.6351, 84608
45.6453, 84824
45.6556, 84608
45.6659, 86336
45.6762, 82880
45.6865, 82232
45.6968, 82016
45.7071, 81800
45.7173, 81800
45.7277, 81584
45.7381, 81800
45.7485, 81584
45.7588, 81800
45.7692, 80936
45.7795, 80720
45.7898, 80504
45.8003, 80936
45.8107, 80720
45.8211, 80720
45.8314, 80504
45.8417, 80936
45.852, 80504
45.8624, 80072
45.8727, 79856
45.8831, 79424
45.8934, 78992
45.9035, 78776
45.9139, 78344
45.9241, 78128
45.9346, 78128
45.9471, 78128
45.9576, 77912
45.9681, 77912
45.9785, 77696
45.9889, 77480
45.9991, 77048
46.0094, 77048
46.0197, 77480
46.0301, 78128
46.0404, 78560
46.0508, 78560
46.0616, 78344
46.0726, 78560
46.083, 77912
46.0934, 77480
46.1037, 77264
46.1139, 77048
46.1243, 77480
46.1346, 78344
46.145, 77696
46.1555, 77480
46.1663, 77048
46.1768, 76832
46.1872, 77912
46.1976, 78560
46.2079, 78560
46.2183, 78560
46.2287, 78128
46.2503, 77696
46.2627, 77480
46.2732, 77264
46.2837, 77048
46.2945, 76832
46.3054, 76400
46.319, 77048
46.332, 77696
46.3429, 77912
46.3536, 77480
46.3645, 77264
46.3751, 77048
46.3854, 76832
46.3957, 76832
46.406, 76616
46.4162, 76832
46.4264, 77480
46.4368, 78344
46.4472, 77048
46.4574, 76616
46.4677, 76400
46.4781, 76184
46.4883, 76400
46.4985, 76400
46.5088, 76400
46.519, 76616
46.5293, 76832
46.5395, 76832
46.5498, 76832
46.56, 76832
46.5702, 76832
46.5804, 77048
46.5907, 77048
46.6009, 77264
46.6111, 77264
46.6213, 77264
46.6315, 77912
46.6418, 77696
46.6521, 77696
46.6624, 77696
46.6726, 77480
46.6828, 76832
46.6929, 76832
46.703, 77048
46.7132, 77048
46.7233, 77048
46.7334, 77912
46.7436, 79424
46.7537, 80072
46.7639, 80072
46.774, 79208
46.7842, 78776
46.802, 78344
46.8123, 78344
46.8227, 77912
46.8332, 77696
46.8436, 77264
46.854, 77480
46.8643, 77480
46.8746, 77264
46.8851, 77480
46.8955, 77480
46.9065, 77912
46.9171, 78128
46.9274, 78344
46.9381, 77696
46.9487, 77696
46.9593, 77696
46.9698, 77696
46.9805, 77480
47.0021, 77696
47.0123, 77912
47.0225, 77912
47.0327, 78128
47.0429, 78128
47.0532, 77912
47.0634, 77696
47.0736, 77696
47.0838, 77480
47.094, 77696
47.1042, 77696
47.1144, 77912
47.1247, 78344
47.135, 78776
47.1454, 78992
47.1556, 78560
47.1659, 77912
47.1762, 77480
47.1865, 77048
47.1968, 78344
47.2072, 80072
47.2176, 80936
47.2279, 81800
47.2382, 81800
47.2486, 82016
47.2589, 82232
47.2691, 82232
47.2794, 82664
47.2897, 82664
47.2999, 82664
47.31, 82664
47.3202, 82232
47.3304, 82016
47.3405, 82016
47.3508, 82016
47.3611, 82016
47.3714, 82016
47.3815, 82016
47.3995, 82016
47.4102, 82448
47.4209, 82664
47.4313, 81800
47.4422, 83312
47.4529, 82448
47.4648, 81368
47.4758, 80288
47.4868, 80720
47.4981, 80504
47.5092, 80504
47.52, 80288
47.5306, 80288
47.5414, 80072
47.5516, 80072
47.5618, 79856
47.572, 79640
47.5822, 79856
47.5924, 79856
47.6027, 79640
47.6129, 79208
47.6231, 78776
47.6333, 78344
47.6435, 78344
47.6537, 78128
47.664, 77912
47.6742, 77696
47.6844, 77696
47.6946, 77696
47.7048, 77480
47.7151, 77696
47.7255, 77696
47.7358, 77696
47.7461, 77696
47.7564, 77696
47.7666, 77696
47.7769, 77696
47.7872, 77480
47.7974, 77264
47.8076, 77264
47.8179, 78560
47.8283, 78776
47.8385, 78776
47.8487, 78128
47.859, 77696
47.8692, 77264
47.8795, 78128
47.8898, 78344
47.9002, 78344
47.9105, 78128
47.9207, 77912
47.9309, 77912
47.9413, 78128
47.952, 78128
47.9627, 77912
47.9733, 77696
47.9837, 77480
47.9942, 77480
48.0051, 77480
48.0166, 77480
48.027, 77048
48.0377, 76832
48.0485, 77048
48.0591, 77696
48.0699, 78128
48.0814, 78128
48.092, 78128
48.1025, 77480
48.1131, 77480
48.1247, 77048
48.1351, 77480
48.1454, 77912
48.1557, 78344
48.1662, 77696
48.1769, 77480
48.1876, 77264
48.1982, 77696
48.2086, 78344
48.219, 78776
48.2294, 78344
48.2401, 77912
48.2509, 77696
48.2614, 77696
48.2719, 77480
48.2824, 77480
48.2928, 77264
48.3031, 78344
48.3134, 78776
48.3236, 78776
48.3339, 77912
48.3442, 77696
48.3544, 78344
48.3647, 78560
48.3751, 78992
48.3853, 79424
48.3957, 78992
48.4061, 78776
48.4164, 78560
48.4266, 78560
48.4369, 78560
48.4472, 78560
48.4575, 78344
48.4679, 78128
48.4783, 77912
48.4886, 78128
48.4989, 78776
48.5093, 79208
48.5196, 78992
48.5299, 78344
48.5403, 78344
48.5507, 77912
48.5612, 78344
48.5715, 77696
48.5818, 78128
48.5922, 78128
48.6025, 77912
48.6127, 77480
48.6229, 77480
48.6332, 77696
48.6434, 77912
48.6536, 77912
48.6639, 77696
48.6741, 77696
48.6844, 78560
48.6946, 79856
48.7049, 80504
48.7151, 82232
48.7254, 82880
48.7357, 82880
48.7459, 83096
48.7561, 82232
48.7663, 81152
48.7766, 80504
48.7868, 80504
48.7973, 80288
48.8075, 80936
48.8178, 80720
48.8283, 82448
48.8386, 81800
48.8489, 80720
48.8592, 82232
48.8695, 81152
48.8797, 80504
48.8901, 80720
48.9005, 82016
48.9114, 82664
48.9237, 82880
48.9348, 82880
48.9453, 81800
48.9566, 81368
48.9677, 80720
48.9791, 80720
48.99, 80504
49.0006, 80072
49.0109, 79208
49.0213, 78560
49.0315, 78344
49.0417, 78344
49.052, 78560
49.0623, 79208
49.0726, 78992
49.0829, 78992
49.0932, 78776
49.1035, 78992
49.1137, 78776
49.1239, 78992
49.1342, 79208
49.1446, 79424
49.1552, 80072
49.1661, 79640
49.1766, 79640
49.1945, 80072
49.2058, 81368
49.2162, 82448
49.2271, 81368
49.2377, 80504
49.2484, 79640
49.2592, 78560
49.2702, 78128
49.2814, 77696
49.2929, 77264
49.3048, 77048
49.3222, 76832
49.3327, 77048
49.3434, 76832
49.3557, 77480
49.3687, 77912
49.3796, 78560
49.391, 77912
49.4016, 77696
49.4131, 77264
49.4244, 77480
49.4356, 77480
49.4463, 77696
49.4573, 77480
49.4692, 77480
49.4795, 77264
49.4898, 77480
49.5002, 77264
49.5107, 76832
49.521, 76616
49.5313, 76616
49.5416, 77048
49.5518, 77912
49.5621, 78344
49.5723, 78560
49.5826, 78344
49.5929, 77912
49.6033, 77696
49.6135, 77912
49.6238, 78128
49.6341, 78560
49.6443, 78128
49.6545, 78128
49.6647, 77912
49.6749, 78128
49.6852, 78560
49.6957, 78344
49.706, 78344
49.7164, 78128
49.7268, 77912
49.7374, 77696
49.7479, 77696
49.7583, 77696
49.7686, 77696
49.7789, 77912
49.7893, 78128
49.8102, 77912
49.8217, 78128
49.8323, 78560
49.8459, 77912
49.8566, 77264
49.868, 77480
49.8797, 77696
49.8902, 77264
49.9014, 77264
49.912, 77264
49.9227, 77264
49.9334, 77696
49.9447, 77480
49.9555, 77480
49.9657, 77480
49.9759, 77480
49.9862, 77696
49.9964, 77696
50.0066, 77696
50.017, 77480
50.0272, 77696
50.0374, 78344
50.0475, 78560
50.0577, 78776
50.0679, 78560
50.078, 77912
50.0882, 77696
50.0983, 77480
50.1085, 77264
50.1187, 77480
50.1288, 77264
50.139, 77264
50.1491, 77264
50.1593, 77264
50.1694, 77264
50.1796, 77480
50.1898, 77480
50.2, 77696
50.2101, 77696
50.2203, 77912
50.2304, 77696
50.2406, 77912
50.2507, 77912
50.2608, 77912
50.271, 77912
50.2811, 77912
50.2912, 77912
50.3014, 77912
50.3115, 77912
50.3216, 77912
50.3317, 77912
50.3419, 77912
50.352, 77912
50.3621, 77912
50.3723, 77912
50.3825, 78344
50.402, 79424
50.4124, 79640
50.4227, 79208
50.433, 78560
50.4434, 78560
50.4537, 78560
50.4639, 81584
50.4741, 82880
50.4843, 83960
50.4946, 85688
50.5049, 88280
50.5152, 88496
50.5256, 88496
50.536, 88712
50.5463, 88928
50.5568, 86336
50.5672, 86552
50.5776, 86552
50.588, 85904
50.5982, 87632
50.6086, 87848
50.6189, 87848
50.6292, 86984
50.6395, 87200
50.6498, 87632
50.6603, 87632
50.6708, 86120
50.6811, 85688
50.6914, 85040
50.7018, 83528
50.7123, 85256
50.7227, 88064
50.7331, 87632
50.7436, 85040
50.7538, 84176
50.7641, 83312
50.7744, 82448
50.7846, 82016
50.7947, 81584
50.8048, 81368
50.8149, 81368
50.8251, 81152
50.8354, 81152
50.8456, 81152
50.8564, 81584
50.8669, 81368
50.8774, 81152
50.8883, 81152
50.8988, 81368
50.9091, 81368
50.9195, 80936
50.9299, 80288
50.9403, 80504
50.9505, 80072
50.9608, 79640
50.9711, 79208
50.9815, 79208
50.9918, 80720
51.0023, 79856
51.0126, 79208
51.0228, 78992
51.0332, 78776
51.0434, 78560
51.0537, 78344
51.064, 78560
51.0745, 80720
51.0849, 82232
51.0954, 81584
51.1062, 80504
51.1171, 80072
51.1275, 80288
51.138, 79640
51.149, 78992
51.1597, 78560
51.1702, 78776
51.1806, 77912
51.1925, 77480
51.2035, 78128
51.2159, 78128
51.227, 77912
51.2389, 77696
51.2501, 77696
51.2614, 77696
51.2719, 77264
51.2829, 77048
51.2941, 77264
51.3048, 77264
51.3154, 77048
51.3256, 77048
51.3358, 77048
51.3461, 77048
51.3564, 77048
51.3669, 78560
51.3773, 78560
51.3877, 78128
51.398, 78128
51.4085, 77912
51.4192, 77696
51.4296, 77696
51.4402, 77696
51.4506, 77696
51.4609, 78128
51.4715, 78560
51.4823, 78776
51.493, 78560
51.5036, 77912
51.5168, 77912
51.5288, 77264
51.5396, 77264
51.55, 77048
51.5604, 77048
51.5708, 77048
51.5812, 76832
51.5917, 77264
51.6023, 77912
51.6126, 78128
51.627, 77480
51.6392, 76832
51.6499, 76832
51.6607, 76832
51.6715, 77048
51.6838, 77048
51.6955, 77048
51.7074, 77048
51.7189, 77048
51.7291, 77048
51.7394, 76832
51.7497, 76832
51.76, 77696
51.7703, 78344
51.7805, 78560
51.7908, 78776
51.8011, 78992
51.8113, 78992
51.8215, 78560
51.8316, 77912
51.8419, 77480
51.8524, 77480
51.8627, 78128
51.873, 78128
51.8832, 78128
51.8934, 77696
51.9035, 77264
51.9137, 77048
51.9238, 77480
51.9339, 77912
51.944, 77480
51.9542, 77696
51.9643, 77696
51.9744, 77696
51.9846, 77480
51.9947, 77264
52.0049, 77264
52.015, 77048
52.033, 78128
52.0437, 78560
52.0542, 78560
52.0647, 78128
52.0754, 77696
52.0861, 77480
52.0968, 77048
52.1077, 76616
52.1196, 76832
52.1305, 77264
52.1414, 77264
52.1524, 77480
52.163, 77480
52.1736, 77264
52.1845, 77480
52.1948, 76400
52.205, 76184
52.2152, 76400
52.2254, 77696
52.2358, 77912
52.246, 77912
52.2562, 77912
52.2663, 77696
52.2765, 77696
52.2867, 77696
52.2969, 77696
52.3071, 77696
52.3172, 78128
52.3274, 78128
52.3377, 78344
52.348, 77696
52.3583, 77912
52.3686, 77696
52.3788, 77264
52.3889, 77048
52.3991, 76832
52.4093, 77480
52.4195, 77912
52.4296, 78128
52.4401, 78128
52.4504, 77912
52.4607, 78128
52.471, 77696
52.4812, 77480
52.4914, 77264
52.5017, 76832
52.512, 76616
52.5222, 76616
52.5325, 76400
52.5427, 77048
52.5529, 78128
52.5633, 77912
52.5736, 77480
52.5839, 77048
52.5942, 77048
52.6047, 78992
52.615, 80072
52.6254, 80720
52.6357, 80936
52.6461, 81800
52.6564, 81800
52.6666, 82232
52.6769, 84608
52.6872, 84176
52.6975, 86768
52.7077, 86768
52.718, 87200
52.7283, 87416
52.7386, 86984
52.7489, 86552
52.7593, 86336
52.7696, 86120
52.78, 86552
52.7905, 86552
52.8008, 86984
52.8113, 86984
52.8219, 86984
52.8323, 86984
52.8426, 86768
52.853, 86552
52.8633, 86768
52.8737, 86552
52.8841, 86120
52.8944, 85256
52.9048, 84176
52.9154, 84392
52.9257, 85040
52.9361, 85904
52.9464, 85256
52.9567, 84824
52.967, 83096
52.9772, 82664
52.9876, 82232
52.9978, 82232
53.0082, 83096
53.0184, 83744
53.0287, 82448
53.0389, 82664
53.0491, 82016
53.0594, 82880
53.0698, 81800
53.0804, 80720
53.091, 79856
53.1015, 80720
53.1118, 81152
53.1223, 80504
53.1325, 79640
53.1428, 78776
53.1532, 78560
53.1636, 78560
53.1744, 78560
53.1853, 78992
53.1966, 79856
53.2076, 80504
53.2178, 80504
53.228, 79208
53.2383, 78776
53.2485, 78560
53.2588, 78560
53.269, 78560
53.2793, 77912
53.2896, 77264
53.3, 77048
53.3104, 76832
53.3206, 76616
53.331, 76616
53.3413, 76616
53.3521, 76832
53.3626, 78344
53.373, 77912
53.3834, 77696
53.3937, 77480
53.4041, 77264
53.4144, 77264
53.4248, 77264
53.4354, 77480
53.4468, 78560
53.4573, 80288
53.4682, 80504
53.4795, 80504
53.4905, 80072
53.5014, 79856
53.5129, 79640
53.5234, 78992
53.5339, 78560
53.545, 78344
53.5573, 78128
53.5693, 77696
53.5799, 78560
53.5906, 80072
53.6018, 80720
53.6133, 79856
53.6239, 79208
53.6344, 78992
53.6621, 78992
53.6736, 78992
53.684, 78344
53.6946, 77912
53.7079, 77696
53.726, 77480
53.7421, 77048
53.7539, 77048
53.7651, 76832
53.7758, 76616
53.7865, 76616
53.7972, 76400
53.8181, 76400
53.8295, 76832
53.8399, 77048
53.851, 77048
53.8617, 77048
53.8724, 77048
53.8834, 76832
53.8939, 76616
53.9043, 76400
53.9149, 76616
53.9257, 76832
53.936, 76616
53.9463, 76616
53.9565, 76400
53.9668, 76400
53.9771, 76400
53.9874, 76616
53.9978, 76616
54.0081, 76832
54.0183, 77048
54.0286, 76832
54.0388, 76616
54.049, 76616
54.0592, 76832
54.0696, 77480
54.0799, 79856
54.0903, 80072
54.1006, 78992
54.1109, 78128
54.1212, 77696
54.1315, 77696
54.1419, 78128
54.1525, 78344
54.1631, 78344
54.1738, 77696
54.1844, 77696
54.1955, 77264
54.2059, 76832
54.2175, 76616
54.2284, 76616
54.2393, 76832
54.2501, 77048
54.2607, 77048
54.2714, 76832
54.2819, 76832
54.2921, 76616
54.3023, 75968
54.3125, 75752
54.3226, 76832
54.3328, 78560
54.343, 79208
54.3532, 78344
54.3636, 77696
54.3739, 77264
54.3842, 77048
54.3944, 77264
54.4046, 77696
54.4147, 77696
54.425, 77696
54.4352, 77696
54.4453, 77696
54.4555, 77696
54.4657, 77912
54.476, 77912
54.4863, 77912
54.4967, 77912
54.507, 77696
54.5173, 77480
54.5275, 77048
54.5378, 77048
54.5483, 76832
54.5586, 76832
54.569, 77048
54.5793, 77048
54.5896, 77048
54.5998, 77264
54.6102, 77480
54.6205, 77480
54.6309, 77480
54.6413, 77696
54.6517, 78128
54.6621, 78992
54.6725, 80504
54.6829, 80936
54.6931, 81584
54.7033, 82448
54.7136, 84392
54.7238, 84608
54.734, 85472
54.7443, 88280
54.7545, 89144
54.7648, 89576
54.775, 88928
54.7853, 88496
54.7956, 88280
54.8059, 87848
54.8163, 87416
54.8266, 87416
54.8368, 87200
54.847, 87200
54.8572, 86984
54.8673, 86768
54.8776, 87200
54.8878, 87416
54.8981, 87416
54.9085, 85904
54.9188, 85256
54.9291, 84176
54.9394, 85256
54.9496, 86120
54.9598, 86984
54.97, 85472
54.9802, 83744
54.9904, 82880
55.0008, 82448
55.0114, 82448
55.0218, 82664
55.0321, 82664
55.0424, 82016
55.0529, 82016
55.0633, 81800
55.0735, 81800
55.0838, 81800
55.0941, 82016
55.1044, 81584
55.1147, 81368
55.1251, 81368
55.1355, 82232
55.1459, 82664
55.1565, 82448
55.1672, 81368
55.1779, 80504
55.1893, 80504
55.2, 80504
55.2105, 79640
55.2208, 78992
55.2312, 78776
55.2416, 78128
55.2519, 77696
55.2621, 77696
55.2723, 77480
55.2828, 77480
55.2933, 78128
55.3039, 78344
55.315, 78776
55.3259, 77480
55.3364, 77048
55.3466, 76832
55.3569, 76832
55.3672, 77264
55.3775, 78128
55.3878, 77912
55.3981, 77696
55.4083, 77480
55.4189, 77696
55.4293, 77048
55.4397, 77048
55.4501, 77048
55.461, 76832
55.4718, 77264
55.4825, 77264
55.4928, 77048
55.5033, 77264
55.5138, 77480
55.5245, 77480
55.5351, 78560
55.5456, 78992
55.556, 78128
55.5663, 77696
55.5766, 77696
55.5869, 77696
55.5975, 78992
55.6097, 79208
55.62, 79424
55.6311, 78776
55.6421, 78344
55.6537, 78344
55.6651, 78128
55.6756, 78128
55.6864, 78128
55.6972, 78128
55.7084, 78128
55.7187, 77480
55.7293, 77264
55.7396, 76832
55.7498, 76832
55.76, 77264
55.7702, 77696
55.7805, 77912
55.7907, 78128
55.8008, 78128
55.8111, 78128
55.8213, 78128
55.8315, 77696
55.8416, 77480
55.8518, 77264
55.8621, 77264
55.8727, 77048
55.8829, 77048
55.8931, 76832
55.9034, 76616
55.9137, 76616
55.9239, 76616
55.9342, 76616
55.9445, 76616
55.9547, 76832
55.9648, 76832
55.975, 76832
55.9851, 76832
55.9952, 77048
56.0054, 77264
56.0155, 77048
56.0257, 77264
56.0359, 77048
56.046, 77048
56.0562, 77048
56.0663, 77264
56.0764, 77264
56.0866, 77264
56.0967, 77480
56.1068, 77264
56.117, 77264
56.1271, 77048
56.1373, 76832
56.15, 77048
56.1603, 78128
56.1706, 78560
56.181, 78344
56.1915, 78128
56.2018, 77912
56.2121, 77696
56.2225, 77264
56.2328, 77048
56.2432, 76832
56.2536, 76832
56.2646, 77048
56.2753, 77264
56.2857, 77048
56.2968, 77048
56.3074, 76832
56.3222, 76832
56.3328, 76832
56.3437, 76832
56.3545, 77048
56.3654, 77048
56.3758, 76400
56.3862, 76400
56.3966, 76400
56.4071, 76832
56.4176, 77480
56.4281, 78560
56.4385, 78560
56.449, 78344
56.4595, 78344
56.4698, 77048
56.4802, 76400
56.4904, 76184
56.5005, 76184
56.5107, 76832
56.521, 79856
56.5314, 80720
56.5418, 81368
56.5522, 81800
56.5625, 82016
56.5728, 82664
56.5832, 81152
56.5938, 80504
56.6042, 80072
56.6147, 79424
56.625, 79208
56.6354, 78992
56.6459, 79208
56.6563, 79424
56.6667, 79424
56.677, 79424
56.6875, 79424
56.698, 79208
56.7084, 79208
56.7191, 79424
56.7311, 80936
56.7416, 82232
56.7523, 82448
56.763, 81800
56.7739, 80504
56.7855, 80288
56.7984, 80288
56.8095, 80288
56.8202, 80288
56.831, 80072
56.8417, 80072
56.8525, 80072
56.8629, 78560
56.8732, 77912
56.8835, 77696
56.8938, 77696
56.9043, 77696
56.9146, 77696
56.9249, 78560
56.9353, 78992
56.9458, 78992
56.956, 78344
56.9663, 78560
56.9769, 80504
56.9887, 79208
56.9996, 77912
57.0108, 77696
57.0216, 77912
57.0328, 77912
57.0438, 77912
57.0558, 78128
57.0667, 78128
57.0778, 77912
57.0895, 77696
57.1014, 77480
57.1122, 77264
57.1229, 77048
57.1333, 77048
57.1438, 77264
57.1542, 77696
57.1647, 77480
57.1751, 77048
57.1856, 76616
57.1966, 76400
57.2077, 76400
57.219, 76184
57.2302, 76184
57.2416, 76400
57.2527, 77480
57.2634, 78344
57.2744, 78560
57.2854, 78992
57.2975, 79208
57.3084, 79424
57.3195, 79424
57.3305, 78776
57.3419, 78344
57.3528, 77912
57.3634, 78128
57.3748, 77912
57.3859, 78560
57.3962, 78992
57.4065, 78560
57.4169, 77912
57.4274, 77696
57.4378, 77696
57.4489, 77696
57.4599, 77264
57.4704, 77696
57.4813, 78128
57.4919, 78344
57.5035, 78776
57.5144, 78776
57.5251, 78992
57.5357, 78560
57.5466, 78128
57.5574, 77912
57.5677, 77912
57.5781, 77696
57.5883, 77480
57.5987, 77264
57.609, 77264
57.6194, 77480
57.6297, 77696
57.64, 77912
57.6503, 78128
57.6606, 78344
57.6709, 78560
57.6813, 78776
57.6917, 78992
57.7021, 78776
57.7124, 78776
57.7227, 78776
57.7331, 79856
57.7436, 81584
57.7541, 81800
57.7644, 82664
57.7748, 84824
57.785, 83960
57.7953, 84392
57.8057, 84392
57.816, 84392
57.8262, 84824
57.8365, 85040
57.8467, 86336
57.857, 85040
57.8672, 83960
57.8774, 83096
57.8877, 83312
57.8979, 83744
57.9082, 83744
57.9186, 83096
57.9294, 83312
57.94, 83312
57.9503, 83312
57.9605, 83096
57.9707, 83528
57.9809, 81152
57.9911, 80720
58.0015, 80504
58.0122, 81368
58.0226, 80504
58.0327, 80288
58.0429, 80072
58.0532, 79856
58.0635, 79856
58.0739, 80720
58.0843, 80072
58.0944, 79856
58.1047, 79640
58.1148, 79424
58.1255, 80072
58.1363, 80504
58.1465, 79856
58.1566, 79424
58.1668, 79424
58.177, 79208
58.1872, 78992
58.1974, 78992
58.2079, 78560
58.2181, 78560
58.2282, 78128
58.2384, 77912
58.2486, 77912
58.2587, 78128
58.2691, 78992
58.2794, 78128
58.2896, 77912
58.2999, 77696
58.31, 77480
58.3202, 77480
58.3305, 77480
58.3407, 77264
58.3509, 77264
58.3613, 77480
58.372, 78344
58.3824, 78344
58.3929, 78560
58.4036, 78344
58.4146, 78344
58.4255, 78344
58.4365, 78344
58.4475, 78344
58.4583, 78344
58.4691, 78344
58.4794, 78344
58.4897, 78776
58.5003, 78560
58.5109, 77912
58.5214, 77696
58.5322, 77480
58.5427, 77264
58.5533, 77264
58.5639, 77480
58.5861, 79640
58.5976, 80720
58.6081, 81152
58.6188, 80504
58.6291, 79208
58.6397, 79208
58.6503, 78776
58.6612, 78560
58.6717, 78128
58.6821, 77912
58.6924, 77912
58.7027, 77696
58.7131, 77696
58.7234, 77048
58.7338, 77048
58.7443, 77264
58.7548, 77048
58.7653, 76616
58.7757, 76832
58.7861, 76832
58.7968, 77264
58.8077, 78344
58.8214, 78128
58.8324, 78560
58.8434, 78992
58.8537, 79208
58.8641, 79208
58.8745, 79208
58.8848, 78128
58.895, 77912
58.9053, 78560
58.9155, 78776
58.9257, 78776
58.936, 78560
58.9463, 78560
58.9565, 78560
58.9668, 78776
58.977, 78776
58.9872, 78776
58.9974, 78776
59.0076, 78776
59.0178, 78776
59.028, 78776
59.0383, 79208
59.0488, 79208
59.0593, 78776
59.0698, 78128
59.0803, 77480
59.0907, 77480
59.1011, 78776
59.1114, 79424
59.1218, 79856
59.1325, 78128
59.1429, 77696
59.1532, 77480
59.1637, 77264
59.1742, 77048
59.1847, 77048
59.2103, 77048
59.221, 77048
59.2319, 76832
59.2426, 76616
59.2531, 76616
59.2641, 76832
59.2748, 77048
59.2861, 77048
59.2966, 76832
59.3072, 76832
59.3179, 77048
59.3285, 77480
59.3392, 77696
59.3501, 77480
59.3605, 77264
59.3708, 76832
59.3809, 76616
59.3911, 76832
59.4014, 76832
59.4115, 76832
59.4217, 76832
59.4318, 76832
59.4419, 76616
59.4521, 76832
59.4623, 76832
59.4724, 76832
59.4826, 76832
59.4927, 76832
59.5028, 76832
59.513, 77048
59.5231, 77048
59.5332, 77264
59.5434, 77048
59.5535, 77048
59.5636, 76832
59.5737, 76832
59.5839, 77048
59.594, 77264
59.6042, 77048
59.6143, 76832
59.6245, 76832
59.6346, 76832
59.6448, 76832
59.6549, 77048
59.665, 77048
59.6752, 77264
59.6853, 77264
59.6954, 77264
59.7056, 77264
59.7158, 77264
59.7259, 77264
59.7361, 77264
59.7463, 77048
59.7566, 77048
59.778, 77048
59.7884, 78128
59.7987, 78560
59.8093, 77912
59.8197, 77480
59.8299, 77480
59.8403, 77048
59.8506, 76832
59.8609, 76616
59.8711, 76832
59.8814, 77696
59.8917, 78992
59.902, 78560
59.9122, 78776
59.9225, 78992
59.9329, 79640
59.9432, 82232
59.9535, 83744
59.9638, 84392
59.974, 84392
59.9843, 85472
59.9947, 86984
60.005, 86552
60.0155, 86336
60.0258, 86120
60.0363, 85040
60.0466, 84824
60.0569, 84824
60.0673, 85688
60.0777, 86336
60.088, 86552
60.0984, 86552
60.1088, 86552
60.119, 86552
60.1294, 86552
60.1397, 84824
60.1501, 85040
60.1604, 84824
60.1707, 86336
60.181, 86984
60.1913, 84608
60.2017, 84392
60.2122, 84824
60.2224, 84176
60.2327, 84824
60.243, 84392
60.2534, 83960
60.2638, 82232
60.2743, 81584
60.2846, 80720
60.2952, 80504
60.3056, 80504
60.3158, 80504
60.326, 80288
60.3363, 79856
60.3466, 79640
60.3569, 79640
60.3672, 79856
60.3775, 80072
60.3879, 79856
60.3982, 79640
60.4084, 79856
60.4187, 80072
60.429, 80936
60.4395, 81368
60.4498, 80504
60.46, 80072
60.4702, 79856
60.4805, 80072
60.4909, 80288
60.5013, 80288
60.5116, 80288
60.5222, 80288
60.5325, 81800
60.543, 80936
60.5533, 80504
60.5637, 80072
60.574, 81584
60.5843, 82232
60.5947, 82664
60.605, 82664
60.6153, 82016
60.626, 81800
60.6366, 81368
60.647, 80720
60.6572, 80288
60.6675, 79856
60.6779, 80072
60.6883, 79640
60.6986, 79424
60.7089, 79424
60.7198, 78776
60.731, 78776
60.7416, 78776
60.7521, 78560
60.7624, 78128
60.7727, 78128
60.7831, 78128
60.7939, 78128
60.8051, 78128
60.8159, 78128
60.8274, 78344
60.8417, 77912
60.8586, 77912
60.87, 77912
60.8809, 77696
60.8948, 77480
60.9058, 77480
60.9166, 77264
60.927, 77048
60.9374, 76832
60.9479, 76616
60.9589, 76616
60.9716, 76400
60.9822, 76400
60.9925, 76616
61.0029, 76616
61.0133, 76616
61.0239, 76616
61.0346, 76616
61.0452, 76616
61.0556, 76616
61.0667, 76400
61.0773, 76400
61.0879, 76400
61.0984, 76400
61.1089, 76400
61.1193, 76400
61.1297, 76400
61.1409, 76616
61.1513, 77048
61.1614, 77264
61.1716, 77048
61.1818, 77696
61.1921, 78344
61.2024, 78128
61.2125, 77912
61.2227, 77048
61.2329, 77048
61.243, 77048
61.2534, 77048
61.2636, 77048
61.2737, 77048
61.2839, 77264
61.294, 77264
61.3041, 77264
61.3143, 77048
61.3245, 77264
61.3346, 77264
61.3448, 77696
61.3552, 78128
61.3657, 77912
61.3765, 77696
61.3871, 77480
61.3979, 77264
61.4089, 76832
61.4194, 76616
61.4301, 76616
61.4408, 76616
61.4514, 76400
61.4618, 76184
61.4725, 76184
61.4831, 76184
61.4937, 76616
61.5045, 77048
61.5151, 77048
61.5269, 77048
61.5375, 76832
61.5483, 76832
61.5621, 76616
61.5727, 76400
61.5834, 76184
61.5939, 76184
61.6046, 75968
61.6149, 75536
61.6251, 75752
61.6353, 75752
61.6455, 75752
61.6557, 75752
61.6659, 75968
61.6762, 76400
61.6863, 76400
61.6965, 76616
61.7067, 76616
61.717, 76832
61.7272, 76832
61.7374, 76616
61.7476, 76616
61.7578, 76616
61.768, 76832
61.7781, 76832
61.7883, 76832
61.7985, 76832
61.8087, 76832
61.8189, 76832
61.8292, 76616
61.8394, 76832
61.8496, 76832
61.8597, 76832
61.8699, 76832
61.8801, 76616
61.8902, 76616
61.9004, 76616
61.9105, 77264
61.9208, 78344
61.9311, 78992
61.9413, 78560
61.9515, 77912
61.9618, 77912
61.9724, 77696
61.9829, 80072
61.9933, 80720
62.0043, 81368
62.0151, 82232
62.0254, 82232
62.0362, 83312
62.0476, 83744
62.0583, 84392
62.0691, 84824
62.08, 84176
62.0909, 83528
62.1011, 81800
62.1114, 82016
62.1217, 82016
62.132, 82232
62.1424, 81800
62.1526, 81800
62.1629, 81584
62.1731, 81368
62.1832, 81152
62.1934, 81152
62.2036, 80720
62.2138, 80720
62.224, 80504
62.2341, 80504
62.2443, 80720
62.2545, 80504
62.2647, 80288
62.2749, 80288
62.285, 80288
62.2952, 80288
62.3054, 80504
62.3156, 80720
62.3259, 80504
62.3363, 80288
62.3465, 80072
62.3568, 80288
62.3671, 80072
62.3773, 79856
62.3875, 79640
62.3977, 79640
62.408, 79424
62.4183, 79208
62.4285, 78776
62.4388, 78344
62.449, 78128
62.4594, 78344
62.4696, 77264
62.48, 77048
62.4902, 77048
62.5005, 77912
62.5108, 78776
62.5212, 78560
62.5315, 78992
62.5417, 78560
62.5522, 78128
62.5639, 78776
62.5763, 79208
62.5871, 80504
62.5985, 80936
62.6094, 81584
62.6205, 81368
62.631, 82448
62.6417, 82664
62.653, 81800
62.6636, 81800
62.6742, 81800
62.6847, 81368
62.6954, 81152
62.7066, 80936
62.7171, 79640
62.7274, 79424
62.7377, 79208
62.748, 78992
62.7584, 78776
62.769, 78560
62.7794, 78344
62.7903, 78128
62.801, 77912
62.8115, 78560
62.8222, 78776
62.8332, 78992
62.8446, 79856
62.8553, 80720
62.8664, 80720
62.8775, 80720
62.8887, 79856
62.8992, 79640
62.9095, 79208
62.9199, 78776
62.9302, 78344
62.9406, 78344
62.9518, 77912
62.9627, 77480
62.9739, 77912
62.9849, 77912
62.9957, 77912
63.0065, 78128
63.017, 77912
63.0274, 77480
63.038, 77696
63.0495, 78128
63.0629, 78128
63.076, 77912
63.0895, 77912
63.1018, 78560
63.1124, 79640
